* Measurement data measured by REW V5.31.3
* Source: Headset (2- USB-C to 3.5mm Headphone Jack Adapter), MICROPHONE (Master Volume), L, volume: 0.630
* Format: 64k Log Swept Sine, 1 sweep at -30.0 dBFS with no timing reference
* REW Settings:
*  C-weighting compensation: Off
*  Target level: 75.0 dB
* Note: ; 
* Measurement: 12
* Smoothing: 1/24 octave
* Frequency Step: 1/48 octave
* Start Frequency: 1.000 Hz
*
* Freq(Hz) SPL(dB)

20.000000 91.614
20.290514 91.735
20.585247 91.856
20.884262 91.976
21.187621 92.092
21.495385 92.204
21.807621 92.313
22.124391 92.419
22.445763 92.524
22.771804 92.627
23.102580 92.730
23.438160 92.834
23.778616 92.939
24.124017 93.045
24.474435 93.151
24.829943 93.256
25.190615 93.358
25.556526 93.458
25.927752 93.558
26.304370 93.659
26.686459 93.761
27.074098 93.865
27.467368 93.968
27.866351 94.071
28.271129 94.173
28.681786 94.274
29.098409 94.375
29.521083 94.474
29.949897 94.573
30.384940 94.673
30.826303 94.777
31.274076 94.880
31.728353 94.981
32.189229 95.082
32.656800 95.183
33.131163 95.286
33.612416 95.389
34.100659 95.489
34.595995 95.586
35.098525 95.683
35.608355 95.778
36.125591 95.869
36.650340 95.956
37.182712 96.040
37.722816 96.123
38.270766 96.204
38.826675 96.280
39.390660 96.351
39.962836 96.422
40.543324 96.493
41.132243 96.564
41.729717 96.635
42.335870 96.709
42.950828 96.784
43.574718 96.858
44.207671 96.933
44.849818 97.008
45.501292 97.083
46.162230 97.154
46.832768 97.224
47.513046 97.292
48.203206 97.360
48.903391 97.422
49.613746 97.482
50.334420 97.545
51.065562 97.613
51.807325 97.684
52.559862 97.754
53.323330 97.824
54.097888 97.892
54.883697 97.958
55.680920 98.019
56.489724 98.075
57.310276 98.127
58.142747 98.177
58.987311 98.225
59.844142 98.274
60.713419 98.324
61.595324 98.377
62.490038 98.431
63.397749 98.485
64.318645 98.535
65.252917 98.580
66.200761 98.618
67.162372 98.651
68.137952 98.682
69.127703 98.713
70.131830 98.749
71.150543 98.790
72.184054 98.833
73.232577 98.876
74.296331 98.914
75.375536 98.945
76.470417 98.972
77.581203 98.997
78.708123 99.024
79.851413 99.057
81.011310 99.094
82.188055 99.132
83.381893 99.167
84.593072 99.196
85.821845 99.219
87.068466 99.242
88.333195 99.269
89.616296 99.304
90.918034 99.343
92.238681 99.380
93.578512 99.408
94.937804 99.427
96.316841 99.442
97.715909 99.461
99.135300 99.487
100.575309 99.516
102.036234 99.542
103.518381 99.558
105.022056 99.568
106.547574 99.580
108.095251 99.598
109.665409 99.619
111.258374 99.637
112.874479 99.643
114.514058 99.644
116.177454 99.651
117.865011 99.663
119.577082 99.680
121.314021 99.693
123.076191 99.693
124.863957 99.692
126.677692 99.697
128.517773 99.708
130.384582 99.714
132.278507 99.715
134.199944 99.713
136.149290 99.720
138.126952 99.731
140.133341 99.733
142.168875 99.725
144.233975 99.722
146.329073 99.728
148.454604 99.734
150.611009 99.734
152.798738 99.728
155.018244 99.730
157.269991 99.735
159.554446 99.731
161.872084 99.728
164.223387 99.734
166.608845 99.741
169.028953 99.739
171.484215 99.736
173.975141 99.740
176.502250 99.744
179.066067 99.743
181.667125 99.744
184.305965 99.747
186.983136 99.744
189.699194 99.739
192.454706 99.740
195.250243 99.741
198.086387 99.733
200.963728 99.727
203.882864 99.724
206.844403 99.717
209.848961 99.712
212.897161 99.708
215.989639 99.698
219.127037 99.690
222.310008 99.685
225.539214 99.677
228.815326 99.668
232.139026 99.659
235.511005 99.648
238.931965 99.640
242.402616 99.629
245.923681 99.616
249.495892 99.605
253.119991 99.593
256.796733 99.581
260.526882 99.567
264.311215 99.554
268.150517 99.543
272.045588 99.530
275.997237 99.518
280.006287 99.507
284.073571 99.497
288.199935 99.486
292.386238 99.477
296.633349 99.469
300.942152 99.459
305.313544 99.450
309.748434 99.441
314.247743 99.432
318.812408 99.421
323.443377 99.409
328.141615 99.397
332.908098 99.382
337.743817 99.366
342.649778 99.349
347.627002 99.329
352.676523 99.308
357.799393 99.286
362.996675 99.263
368.269452 99.239
373.618819 99.213
379.045889 99.188
384.551792 99.162
390.137671 99.136
395.804689 99.109
401.554025 99.083
407.386873 99.057
413.304448 99.031
419.307980 99.005
425.398716 98.979
431.577926 98.954
437.846892 98.927
444.206919 98.901
450.659331 98.873
457.205468 98.845
463.846692 98.815
470.584384 98.784
477.419946 98.753
484.354799 98.721
491.390386 98.687
498.528170 98.653
505.769634 98.617
513.116286 98.580
520.569654 98.543
528.131286 98.506
535.802756 98.469
543.585660 98.431
551.481616 98.394
559.492266 98.356
567.619276 98.319
575.864337 98.282
584.229163 98.245
592.715493 98.209
601.325094 98.173
610.059754 98.137
618.921292 98.102
627.911550 98.067
637.032397 98.033
646.285731 98.001
655.673476 97.969
665.197585 97.939
674.860038 97.909
684.662844 97.882
694.608043 97.855
704.697703 97.831
714.933922 97.808
725.318829 97.787
735.854584 97.769
746.543379 97.752
757.387435 97.738
768.389009 97.727
779.550388 97.717
790.873894 97.710
802.361881 97.706
814.016740 97.705
825.840893 97.708
837.836800 97.715
850.006956 97.727
862.353892 97.743
874.880176 97.764
887.588413 97.793
900.481245 97.827
913.561355 97.868
926.831463 97.916
940.294327 97.971
953.952750 98.033
967.809570 98.103
981.867670 98.180
996.129973 98.263
1010.599447 98.353
1025.279099 98.449
1040.171984 98.549
1055.281198 98.654
1070.609883 98.762
1086.161229 98.872
1101.938468 98.983
1117.944883 99.094
1134.183801 99.204
1150.658602 99.313
1167.372710 99.419
1184.329602 99.522
1201.532804 99.621
1218.985895 99.716
1236.692504 99.804
1254.656314 99.887
1272.881060 99.965
1291.370534 100.035
1310.128579 100.102
1329.159099 100.163
1348.466049 100.218
1368.053447 100.268
1387.925364 100.313
1408.085935 100.354
1428.539353 100.391
1449.289870 100.426
1470.341803 100.458
1491.699529 100.488
1513.367491 100.517
1535.350196 100.546
1557.652214 100.576
1580.278184 100.608
1603.232812 100.641
1626.520872 100.677
1650.147207 100.716
1674.116731 100.759
1698.434429 100.807
1723.105358 100.860
1748.134649 100.919
1773.527508 100.985
1799.289215 101.057
1825.425129 101.137
1851.940686 101.226
1878.841399 101.323
1906.132863 101.430
1933.820755 101.547
1961.910832 101.675
1990.408937 101.813
2019.320997 101.964
2048.653024 102.128
2078.411119 102.304
2108.601471 102.494
2139.230358 102.699
2170.304151 102.922
2201.829313 103.158
2233.812399 103.415
2266.260061 103.690
2299.179048 103.985
2332.576206 104.302
2366.458481 104.642
2400.832919 105.003
2435.706669 105.389
2471.086985 105.797
2506.981224 106.228
2543.396851 106.677
2580.341441 107.139
2617.822676 107.608
2655.848352 108.068
2694.426377 108.507
2733.564774 108.894
2773.271684 109.213
2813.555364 109.430
2854.424192 109.544
2895.886667 109.508
2937.951414 109.319
2980.627180 109.005
3023.922841 108.588
3067.847402 108.082
3112.409996 107.512
3157.619894 106.910
3203.486496 106.298
3250.019342 105.688
3297.228109 105.096
3345.122616 104.527
3393.712825 103.984
3443.008839 103.468
3493.020912 102.981
3543.759444 102.523
3595.234989 102.092
3647.458251 101.689
3700.440093 101.312
3754.191532 100.963
3808.723747 100.638
3864.048081 100.331
3920.176038 100.053
3977.119293 99.787
4034.889688 99.547
4093.499237 99.327
4152.960131 99.125
4213.284735 98.942
4274.485595 98.776
4336.575440 98.628
4399.567183 98.500
4463.473924 98.389
4528.308954 98.297
4594.085758 98.226
4660.818016 98.174
4728.519605 98.144
4797.204606 98.136
4866.887304 98.149
4937.582192 98.190
5009.303971 98.259
5082.067559 98.352
5155.888088 98.478
5230.780910 98.636
5306.761603 98.823
5383.845967 99.043
5462.050035 99.293
5541.390071 99.562
5621.882575 99.838
5703.544288 100.107
5786.392194 100.328
5870.443523 100.457
5955.715755 100.453
6042.226625 100.290
6129.994125 99.920
6219.036508 99.346
6309.372294 98.568
6401.020268 97.657
6493.999493 96.644
6588.329304 95.583
6684.029322 94.512
6781.119447 93.455
6879.619874 92.426
6979.551087 91.432
7080.933870 90.489
7183.789308 89.600
7288.138791 88.756
7394.004023 87.941
7501.407020 87.146
7610.370119 86.379
7720.915982 85.647
7833.067600 84.951
7946.848298 84.290
8062.281738 83.666
8179.391929 83.077
8298.203226 82.518
8418.740338 81.992
8541.028336 81.502
8665.092650 81.050
8790.959084 80.628
8918.653815 80.240
9048.203399 79.874
9179.634780 79.537
9312.975293 79.232
9448.252668 78.963
9585.495040 78.741
9724.730952 78.567
9865.989362 78.439
10009.299647 78.358
10154.691613 78.320
10302.195497 78.331
10451.841976 78.403
10603.662174 78.539
10757.687664 78.754
10913.950481 79.059
11072.483123 79.461
11233.318560 79.983
11396.490243 80.623
11562.032107 81.466
11729.978580 82.455
11900.364591 83.799
12073.225577 85.291
12248.597487 87.047
12426.516795 88.769
12607.020503 89.776
12790.146152 89.743
12975.931827 88.192
13164.416166 86.513
13355.638371 84.453
13549.638209 82.614
13746.456029 81.087
13946.132763 79.872
14148.709939 78.984
14354.229688 78.256
14562.734753 77.816
14774.268497 77.580
14988.874914 77.592
15206.598638 77.835
15427.484948 78.162
15651.579784 78.319
15878.929752 77.954
16109.582134 76.774
16343.584901 74.774
16580.986719 72.329
16821.836962 69.879
17066.185721 67.330
17314.083813 64.188
17565.582796 60.825
17820.734975 58.919
18079.593414 59.708
18342.211951 62.421
18608.645202 65.258
18878.948580 67.269
19153.178301 68.155
19431.391396 68.255
19713.645729 67.959
20000.000000 67.540
