* Measurement data measured by REW V5.31.3
* Source: Headset (2- USB-C to 3.5mm Headphone Jack Adapter), MICROPHONE (Master Volume), L, volume: 0.630
* Format: 64k Log Swept Sine, 1 sweep at -30.0 dBFS with no timing reference
* REW Settings:
*  C-weighting compensation: Off
*  Target level: 75.0 dB
* Note: ; 
* Measurement: 4
* Smoothing: 1/24 octave
* Frequency Step: 1/48 octave
* Start Frequency: 1.000 Hz
*
* Freq(Hz) SPL(dB)

20.000000 90.724
20.290514 90.839
20.585247 90.954
20.884262 91.069
21.187621 91.181
21.495385 91.289
21.807621 91.395
22.124391 91.498
22.445763 91.600
22.771804 91.701
23.102580 91.801
23.438160 91.903
23.778616 92.005
24.124017 92.108
24.474435 92.211
24.829943 92.313
25.190615 92.412
25.556526 92.509
25.927752 92.605
26.304370 92.701
26.686459 92.799
27.074098 92.897
27.467368 92.994
27.866351 93.091
28.271129 93.185
28.681786 93.278
29.098409 93.369
29.521083 93.458
29.949897 93.547
30.384940 93.636
30.826303 93.726
31.274076 93.817
31.728353 93.905
32.189229 93.991
32.656800 94.078
33.131163 94.167
33.612416 94.256
34.100659 94.343
34.595995 94.428
35.098525 94.513
35.608355 94.597
36.125591 94.680
36.650340 94.759
37.182712 94.836
37.722816 94.913
38.270766 94.990
38.826675 95.062
39.390660 95.130
39.962836 95.199
40.543324 95.268
41.132243 95.337
41.729717 95.407
42.335870 95.478
42.950828 95.551
43.574718 95.623
44.207671 95.694
44.849818 95.766
45.501292 95.837
46.162230 95.904
46.832768 95.970
47.513046 96.035
48.203206 96.099
48.903391 96.158
49.613746 96.216
50.334420 96.279
51.065562 96.347
51.807325 96.418
52.559862 96.491
53.323330 96.564
54.097888 96.636
54.883697 96.708
55.680920 96.775
56.489724 96.837
57.310276 96.896
58.142747 96.953
58.987311 97.009
59.844142 97.065
60.713419 97.123
61.595324 97.184
62.490038 97.246
63.397749 97.307
64.318645 97.365
65.252917 97.418
66.200761 97.465
67.162372 97.505
68.137952 97.544
69.127703 97.584
70.131830 97.627
71.150543 97.675
72.184054 97.725
73.232577 97.773
74.296331 97.816
75.375536 97.852
76.470417 97.882
77.581203 97.908
78.708123 97.936
79.851413 97.969
81.011310 98.004
82.188055 98.040
83.381893 98.071
84.593072 98.095
85.821845 98.113
87.068466 98.129
88.333195 98.150
89.616296 98.178
90.918034 98.211
92.238681 98.240
93.578512 98.262
94.937804 98.275
96.316841 98.284
97.715909 98.298
99.135300 98.319
100.575309 98.345
102.036234 98.366
103.518381 98.381
105.022056 98.389
106.547574 98.400
108.095251 98.418
109.665409 98.441
111.258374 98.460
112.874479 98.469
114.514058 98.473
116.177454 98.483
117.865011 98.500
119.577082 98.521
121.314021 98.538
123.076191 98.544
124.863957 98.548
126.677692 98.560
128.517773 98.577
130.384582 98.590
132.278507 98.599
134.199944 98.605
136.149290 98.620
138.126952 98.641
140.133341 98.652
142.168875 98.655
144.233975 98.664
146.329073 98.682
148.454604 98.700
150.611009 98.711
152.798738 98.718
155.018244 98.732
157.269991 98.748
159.554446 98.756
161.872084 98.763
164.223387 98.778
166.608845 98.794
169.028953 98.800
171.484215 98.805
173.975141 98.815
176.502250 98.826
179.066067 98.833
181.667125 98.841
184.305965 98.851
186.983136 98.854
189.699194 98.856
192.454706 98.866
195.250243 98.874
198.086387 98.875
200.963728 98.878
203.882864 98.884
206.844403 98.886
209.848961 98.890
212.897161 98.895
215.989639 98.893
219.127037 98.894
222.310008 98.897
225.539214 98.898
228.815326 98.897
232.139026 98.896
235.511005 98.893
238.931965 98.894
242.402616 98.890
245.923681 98.885
249.495892 98.883
253.119991 98.878
256.796733 98.873
260.526882 98.865
264.311215 98.858
268.150517 98.853
272.045588 98.844
275.997237 98.837
280.006287 98.829
284.073571 98.822
288.199935 98.812
292.386238 98.804
296.633349 98.796
300.942152 98.787
305.313544 98.778
309.748434 98.769
314.247743 98.760
318.812408 98.749
323.443377 98.738
328.141615 98.727
332.908098 98.715
337.743817 98.702
342.649778 98.689
347.627002 98.675
352.676523 98.661
357.799393 98.646
362.996675 98.630
368.269452 98.615
373.618819 98.599
379.045889 98.582
384.551792 98.566
390.137671 98.549
395.804689 98.531
401.554025 98.514
407.386873 98.495
413.304448 98.477
419.307980 98.457
425.398716 98.438
431.577926 98.419
437.846892 98.397
444.206919 98.376
450.659331 98.354
457.205468 98.330
463.846692 98.305
470.584384 98.278
477.419946 98.251
484.354799 98.223
491.390386 98.192
498.528170 98.161
505.769634 98.128
513.116286 98.093
520.569654 98.057
528.131286 98.021
535.802756 97.984
543.585660 97.946
551.481616 97.908
559.492266 97.870
567.619276 97.832
575.864337 97.794
584.229163 97.758
592.715493 97.723
601.325094 97.689
610.059754 97.656
618.921292 97.625
627.911550 97.595
637.032397 97.567
646.285731 97.541
655.673476 97.516
665.197585 97.493
674.860038 97.470
684.662844 97.448
694.608043 97.427
704.697703 97.407
714.933922 97.387
725.318829 97.369
735.854584 97.351
746.543379 97.335
757.387435 97.320
768.389009 97.306
779.550388 97.295
790.873894 97.286
802.361881 97.280
814.016740 97.278
825.840893 97.281
837.836800 97.288
850.006956 97.299
862.353892 97.317
874.880176 97.341
887.588413 97.372
900.481245 97.408
913.561355 97.453
926.831463 97.504
940.294327 97.563
953.952750 97.629
967.809570 97.703
981.867670 97.784
996.129973 97.871
1010.599447 97.965
1025.279099 98.066
1040.171984 98.171
1055.281198 98.280
1070.609883 98.392
1086.161229 98.507
1101.938468 98.624
1117.944883 98.740
1134.183801 98.855
1150.658602 98.969
1167.372710 99.079
1184.329602 99.186
1201.532804 99.288
1218.985895 99.386
1236.692504 99.477
1254.656314 99.562
1272.881060 99.640
1291.370534 99.709
1310.128579 99.776
1329.159099 99.835
1348.466049 99.889
1368.053447 99.937
1387.925364 99.980
1408.085935 100.018
1428.539353 100.054
1449.289870 100.086
1470.341803 100.116
1491.699529 100.145
1513.367491 100.172
1535.350196 100.200
1557.652214 100.229
1580.278184 100.259
1603.232812 100.291
1626.520872 100.325
1650.147207 100.363
1674.116731 100.405
1698.434429 100.451
1723.105358 100.503
1748.134649 100.560
1773.527508 100.624
1799.289215 100.694
1825.425129 100.772
1851.940686 100.857
1878.841399 100.951
1906.132863 101.053
1933.820755 101.165
1961.910832 101.287
1990.408937 101.420
2019.320997 101.564
2048.653024 101.720
2078.411119 101.889
2108.601471 102.072
2139.230358 102.269
2170.304151 102.484
2201.829313 102.713
2233.812399 102.962
2266.260061 103.229
2299.179048 103.517
2332.576206 103.826
2366.458481 104.159
2400.832919 104.512
2435.706669 104.890
2471.086985 105.289
2506.981224 105.711
2543.396851 106.150
2580.341441 106.602
2617.822676 107.060
2655.848352 107.509
2694.426377 107.936
2733.564774 108.311
2773.271684 108.619
2813.555364 108.825
2854.424192 108.927
2895.886667 108.880
2937.951414 108.681
2980.627180 108.356
3023.922841 107.929
3067.847402 107.414
3112.409996 106.835
3157.619894 106.223
3203.486496 105.601
3250.019342 104.982
3297.228109 104.379
3345.122616 103.799
3393.712825 103.245
3443.008839 102.718
3493.020912 102.219
3543.759444 101.749
3595.234989 101.308
3647.458251 100.894
3700.440093 100.508
3754.191532 100.150
3808.723747 99.817
3864.048081 99.504
3920.176038 99.221
3977.119293 98.952
4034.889688 98.710
4093.499237 98.489
4152.960131 98.287
4213.284735 98.104
4274.485595 97.939
4336.575440 97.793
4399.567183 97.667
4463.473924 97.557
4528.308954 97.465
4594.085758 97.395
4660.818016 97.341
4728.519605 97.310
4797.204606 97.300
4866.887304 97.310
4937.582192 97.348
5009.303971 97.412
5082.067559 97.501
5155.888088 97.622
5230.780910 97.775
5306.761603 97.959
5383.845967 98.174
5462.050035 98.420
5541.390071 98.687
5621.882575 98.960
5703.544288 99.226
5786.392194 99.444
5870.443523 99.571
5955.715755 99.564
6042.226625 99.398
6129.994125 99.024
6219.036508 98.446
6309.372294 97.662
6401.020268 96.745
6493.999493 95.726
6588.329304 94.658
6684.029322 93.579
6781.119447 92.515
6879.619874 91.478
6979.551087 90.477
7080.933870 89.526
7183.789308 88.630
7288.138791 87.779
7394.004023 86.957
7501.407020 86.155
7610.370119 85.382
7720.915982 84.644
7833.067600 83.940
7946.848298 83.272
8062.281738 82.640
8179.391929 82.043
8298.203226 81.476
8418.740338 80.941
8541.028336 80.442
8665.092650 79.981
8790.959084 79.551
8918.653815 79.155
9048.203399 78.781
9179.634780 78.438
9312.975293 78.126
9448.252668 77.853
9585.495040 77.627
9724.730952 77.450
9865.989362 77.320
10009.299647 77.238
10154.691613 77.199
10302.195497 77.210
10451.841976 77.282
10603.662174 77.417
10757.687664 77.632
10913.950481 77.936
11072.483123 78.336
11233.318560 78.857
11396.490243 79.493
11562.032107 80.333
11729.978580 81.317
11900.364591 82.656
12073.225577 84.142
12248.597487 85.890
12426.516795 87.605
12607.020503 88.604
12790.146152 88.563
12975.931827 87.004
13164.416166 85.316
13355.638371 83.247
13549.638209 81.399
13746.456029 79.863
13946.132763 78.639
14148.709939 77.742
14354.229688 77.005
14562.734753 76.556
14774.268497 76.312
14988.874914 76.316
15206.598638 76.551
15427.484948 76.871
15651.579784 77.020
15878.929752 76.648
16109.582134 75.463
16343.584901 73.458
16580.986719 71.009
16821.836962 68.556
17066.185721 66.005
17314.083813 62.862
17565.582796 59.498
17820.734975 57.592
18079.593414 58.384
18342.211951 61.099
18608.645202 63.939
18878.948580 65.954
19153.178301 66.844
19431.391396 66.949
19713.645729 66.658
20000.000000 66.245
