* Measurement data measured by REW V5.31.3
* Source: Headset (2- USB-C to 3.5mm Headphone Jack Adapter), MICROPHONE (Master Volume), L, volume: 0.630
* Format: 64k Log Swept Sine, 1 sweep at -30.0 dBFS with no timing reference
* REW Settings:
*  C-weighting compensation: Off
*  Target level: 75.0 dB
* Note: ; 
* Measurement: 19
* Smoothing: 1/24 octave
* Frequency Step: 1/48 octave
* Start Frequency: 1.000 Hz
*
* Freq(Hz) SPL(dB)

20.000000 91.005
20.290514 91.116
20.585247 91.226
20.884262 91.335
21.187621 91.440
21.495385 91.541
21.807621 91.640
22.124391 91.735
22.445763 91.829
22.771804 91.922
23.102580 92.016
23.438160 92.110
23.778616 92.207
24.124017 92.305
24.474435 92.404
24.829943 92.503
25.190615 92.600
25.556526 92.696
25.927752 92.792
26.304370 92.888
26.686459 92.985
27.074098 93.083
27.467368 93.180
27.866351 93.275
28.271129 93.368
28.681786 93.458
29.098409 93.546
29.521083 93.632
29.949897 93.717
30.384940 93.803
30.826303 93.890
31.274076 93.978
31.728353 94.065
32.189229 94.151
32.656800 94.239
33.131163 94.330
33.612416 94.422
34.100659 94.514
34.595995 94.605
35.098525 94.697
35.608355 94.789
36.125591 94.879
36.650340 94.966
37.182712 95.051
37.722816 95.136
38.270766 95.220
38.826675 95.298
39.390660 95.373
39.962836 95.447
40.543324 95.521
41.132243 95.595
41.729717 95.668
42.335870 95.743
42.950828 95.820
43.574718 95.895
44.207671 95.970
44.849818 96.046
45.501292 96.121
46.162230 96.192
46.832768 96.261
47.513046 96.329
48.203206 96.395
48.903391 96.457
49.613746 96.516
50.334420 96.579
51.065562 96.646
51.807325 96.716
52.559862 96.786
53.323330 96.856
54.097888 96.924
54.883697 96.990
55.680920 97.051
56.489724 97.107
57.310276 97.160
58.142747 97.210
58.987311 97.259
59.844142 97.308
60.713419 97.359
61.595324 97.413
62.490038 97.469
63.397749 97.524
64.318645 97.578
65.252917 97.626
66.200761 97.670
67.162372 97.709
68.137952 97.748
69.127703 97.789
70.131830 97.835
71.150543 97.887
72.184054 97.943
73.232577 97.999
74.296331 98.050
75.375536 98.094
76.470417 98.134
77.581203 98.171
78.708123 98.209
79.851413 98.251
81.011310 98.296
82.188055 98.340
83.381893 98.379
84.593072 98.410
85.821845 98.434
87.068466 98.456
88.333195 98.480
89.616296 98.512
90.918034 98.548
92.238681 98.580
93.578512 98.603
94.937804 98.618
96.316841 98.629
97.715909 98.645
99.135300 98.668
100.575309 98.696
102.036234 98.721
103.518381 98.738
105.022056 98.750
106.547574 98.764
108.095251 98.785
109.665409 98.811
111.258374 98.834
112.874479 98.845
114.514058 98.852
116.177454 98.864
117.865011 98.883
119.577082 98.905
121.314021 98.922
123.076191 98.927
124.863957 98.929
126.677692 98.938
128.517773 98.950
130.384582 98.957
132.278507 98.959
134.199944 98.957
136.149290 98.963
138.126952 98.974
140.133341 98.975
142.168875 98.967
144.233975 98.964
146.329073 98.972
148.454604 98.980
150.611009 98.982
152.798738 98.981
155.018244 98.988
157.269991 98.999
159.554446 99.003
161.872084 99.008
164.223387 99.022
166.608845 99.038
169.028953 99.046
171.484215 99.052
173.975141 99.064
176.502250 99.076
179.066067 99.083
181.667125 99.091
184.305965 99.100
186.983136 99.102
189.699194 99.101
192.454706 99.105
195.250243 99.107
198.086387 99.101
200.963728 99.095
203.882864 99.090
206.844403 99.081
209.848961 99.073
212.897161 99.065
215.989639 99.051
219.127037 99.038
222.310008 99.028
225.539214 99.016
228.815326 99.002
232.139026 98.987
235.511005 98.972
238.931965 98.960
242.402616 98.945
245.923681 98.929
249.495892 98.915
253.119991 98.901
256.796733 98.886
260.526882 98.870
264.311215 98.855
268.150517 98.843
272.045588 98.827
275.997237 98.814
280.006287 98.800
284.073571 98.788
288.199935 98.774
292.386238 98.761
296.633349 98.750
300.942152 98.737
305.313544 98.725
309.748434 98.714
314.247743 98.703
318.812408 98.692
323.443377 98.682
328.141615 98.671
332.908098 98.661
337.743817 98.651
342.649778 98.641
347.627002 98.630
352.676523 98.620
357.799393 98.609
362.996675 98.597
368.269452 98.586
373.618819 98.573
379.045889 98.559
384.551792 98.545
390.137671 98.529
395.804689 98.513
401.554025 98.496
407.386873 98.477
413.304448 98.458
419.307980 98.437
425.398716 98.418
431.577926 98.398
437.846892 98.376
444.206919 98.355
450.659331 98.334
457.205468 98.311
463.846692 98.288
470.584384 98.265
477.419946 98.242
484.354799 98.218
491.390386 98.194
498.528170 98.168
505.769634 98.142
513.116286 98.115
520.569654 98.087
528.131286 98.059
535.802756 98.030
543.585660 98.001
551.481616 97.971
559.492266 97.941
567.619276 97.910
575.864337 97.880
584.229163 97.849
592.715493 97.818
601.325094 97.787
610.059754 97.756
618.921292 97.725
627.911550 97.694
637.032397 97.663
646.285731 97.633
655.673476 97.603
665.197585 97.574
674.860038 97.546
684.662844 97.518
694.608043 97.491
704.697703 97.466
714.933922 97.442
725.318829 97.420
735.854584 97.401
746.543379 97.385
757.387435 97.371
768.389009 97.360
779.550388 97.352
790.873894 97.347
802.361881 97.346
814.016740 97.349
825.840893 97.356
837.836800 97.367
850.006956 97.382
862.353892 97.402
874.880176 97.427
887.588413 97.458
900.481245 97.493
913.561355 97.535
926.831463 97.582
940.294327 97.635
953.952750 97.695
967.809570 97.760
981.867670 97.832
996.129973 97.909
1010.599447 97.993
1025.279099 98.082
1040.171984 98.175
1055.281198 98.272
1070.609883 98.372
1086.161229 98.476
1101.938468 98.580
1117.944883 98.686
1134.183801 98.791
1150.658602 98.895
1167.372710 98.996
1184.329602 99.095
1201.532804 99.191
1218.985895 99.284
1236.692504 99.370
1254.656314 99.452
1272.881060 99.528
1291.370534 99.597
1310.128579 99.664
1329.159099 99.724
1348.466049 99.780
1368.053447 99.830
1387.925364 99.876
1408.085935 99.917
1428.539353 99.956
1449.289870 99.992
1470.341803 100.026
1491.699529 100.058
1513.367491 100.089
1535.350196 100.121
1557.652214 100.154
1580.278184 100.188
1603.232812 100.225
1626.520872 100.263
1650.147207 100.304
1674.116731 100.350
1698.434429 100.399
1723.105358 100.452
1748.134649 100.511
1773.527508 100.574
1799.289215 100.643
1825.425129 100.719
1851.940686 100.801
1878.841399 100.891
1906.132863 100.989
1933.820755 101.097
1961.910832 101.214
1990.408937 101.343
2019.320997 101.483
2048.653024 101.636
2078.411119 101.803
2108.601471 101.985
2139.230358 102.182
2170.304151 102.400
2201.829313 102.632
2233.812399 102.886
2266.260061 103.159
2299.179048 103.454
2332.576206 103.772
2366.458481 104.114
2400.832919 104.477
2435.706669 104.866
2471.086985 105.275
2506.981224 105.708
2543.396851 106.158
2580.341441 106.621
2617.822676 107.089
2655.848352 107.548
2694.426377 107.984
2733.564774 108.368
2773.271684 108.684
2813.555364 108.897
2854.424192 109.006
2895.886667 108.965
2937.951414 108.771
2980.627180 108.453
3023.922841 108.031
3067.847402 107.520
3112.409996 106.945
3157.619894 106.338
3203.486496 105.720
3250.019342 105.106
3297.228109 104.508
3345.122616 103.932
3393.712825 103.382
3443.008839 102.859
3493.020912 102.364
3543.759444 101.898
3595.234989 101.460
3647.458251 101.049
3700.440093 100.665
3754.191532 100.309
3808.723747 99.978
3864.048081 99.666
3920.176038 99.384
3977.119293 99.116
4034.889688 98.874
4093.499237 98.653
4152.960131 98.451
4213.284735 98.270
4274.485595 98.105
4336.575440 97.961
4399.567183 97.836
4463.473924 97.728
4528.308954 97.639
4594.085758 97.572
4660.818016 97.523
4728.519605 97.497
4797.204606 97.492
4866.887304 97.508
4937.582192 97.551
5009.303971 97.620
5082.067559 97.715
5155.888088 97.841
5230.780910 97.998
5306.761603 98.185
5383.845967 98.403
5462.050035 98.651
5541.390071 98.917
5621.882575 99.189
5703.544288 99.453
5786.392194 99.667
5870.443523 99.789
5955.715755 99.778
6042.226625 99.605
6129.994125 99.225
6219.036508 98.640
6309.372294 97.850
6401.020268 96.926
6493.999493 95.900
6588.329304 94.826
6684.029322 93.741
6781.119447 92.672
6879.619874 91.630
6979.551087 90.625
7080.933870 89.671
7183.789308 88.772
7288.138791 87.919
7394.004023 87.095
7501.407020 86.292
7610.370119 85.518
7720.915982 84.779
7833.067600 84.076
7946.848298 83.408
8062.281738 82.777
8179.391929 82.180
8298.203226 81.613
8418.740338 81.079
8541.028336 80.581
8665.092650 80.120
8790.959084 79.689
8918.653815 79.293
9048.203399 78.919
9179.634780 78.575
9312.975293 78.262
9448.252668 77.988
9585.495040 77.760
9724.730952 77.581
9865.989362 77.450
10009.299647 77.366
10154.691613 77.326
10302.195497 77.335
10451.841976 77.406
10603.662174 77.540
10757.687664 77.755
10913.950481 78.060
11072.483123 78.461
11233.318560 78.983
11396.490243 79.622
11562.032107 80.464
11729.978580 81.451
11900.364591 82.794
12073.225577 84.284
12248.597487 86.037
12426.516795 87.757
12607.020503 88.761
12790.146152 88.725
12975.931827 87.171
13164.416166 85.488
13355.638371 83.425
13549.638209 81.581
13746.456029 80.051
13946.132763 78.831
14148.709939 77.940
14354.229688 77.208
14562.734753 76.764
14774.268497 76.526
14988.874914 76.536
15206.598638 76.778
15427.484948 77.105
15651.579784 77.261
15878.929752 76.896
16109.582134 75.718
16343.584901 73.719
16580.986719 71.276
16821.836962 68.827
17066.185721 66.280
17314.083813 63.139
17565.582796 59.777
17820.734975 57.871
18079.593414 58.661
18342.211951 61.376
18608.645202 64.213
18878.948580 66.226
19153.178301 67.114
19431.391396 67.216
19713.645729 66.924
20000.000000 66.510
