* Measurement data measured by REW V5.31.3
* Source: Headset (2- USB-C to 3.5mm Headphone Jack Adapter), MICROPHONE (Master Volume), L, volume: 0.630
* Format: 64k Log Swept Sine, 1 sweep at -30.0 dBFS with no timing reference
* REW Settings:
*  C-weighting compensation: Off
*  Target level: 75.0 dB
* Note: ; 
* Measurement: 20
* Smoothing: 1/24 octave
* Frequency Step: 1/48 octave
* Start Frequency: 1.000 Hz
*
* Freq(Hz) SPL(dB)

20.000000 90.834
20.290514 90.952
20.585247 91.072
20.884262 91.191
21.187621 91.307
21.495385 91.420
21.807621 91.531
22.124391 91.638
22.445763 91.744
22.771804 91.849
23.102580 91.954
23.438160 92.059
23.778616 92.165
24.124017 92.272
24.474435 92.378
24.829943 92.483
25.190615 92.585
25.556526 92.685
25.927752 92.785
26.304370 92.884
26.686459 92.985
27.074098 93.087
27.467368 93.188
27.866351 93.288
28.271129 93.387
28.681786 93.484
29.098409 93.579
29.521083 93.673
29.949897 93.766
30.384940 93.860
30.826303 93.955
31.274076 94.050
31.728353 94.143
32.189229 94.234
32.656800 94.325
33.131163 94.418
33.612416 94.511
34.100659 94.601
34.595995 94.688
35.098525 94.774
35.608355 94.860
36.125591 94.943
36.650340 95.022
37.182712 95.099
37.722816 95.174
38.270766 95.249
38.826675 95.318
39.390660 95.384
39.962836 95.449
40.543324 95.514
41.132243 95.578
41.729717 95.642
42.335870 95.708
42.950828 95.774
43.574718 95.838
44.207671 95.901
44.849818 95.963
45.501292 96.023
46.162230 96.078
46.832768 96.129
47.513046 96.179
48.203206 96.225
48.903391 96.265
49.613746 96.303
50.334420 96.342
51.065562 96.386
51.807325 96.432
52.559862 96.479
53.323330 96.524
54.097888 96.569
54.883697 96.613
55.680920 96.653
56.489724 96.688
57.310276 96.721
58.142747 96.754
58.987311 96.786
59.844142 96.821
60.713419 96.858
61.595324 96.900
62.490038 96.944
63.397749 96.989
64.318645 97.033
65.252917 97.072
66.200761 97.106
67.162372 97.135
68.137952 97.163
69.127703 97.192
70.131830 97.226
71.150543 97.265
72.184054 97.307
73.232577 97.348
74.296331 97.384
75.375536 97.412
76.470417 97.436
77.581203 97.457
78.708123 97.480
79.851413 97.508
81.011310 97.540
82.188055 97.572
83.381893 97.600
84.593072 97.622
85.821845 97.639
87.068466 97.655
88.333195 97.675
89.616296 97.704
90.918034 97.737
92.238681 97.768
93.578512 97.791
94.937804 97.806
96.316841 97.819
97.715909 97.835
99.135300 97.861
100.575309 97.890
102.036234 97.916
103.518381 97.934
105.022056 97.946
106.547574 97.961
108.095251 97.983
109.665409 98.009
111.258374 98.032
112.874479 98.044
114.514058 98.051
116.177454 98.064
117.865011 98.084
119.577082 98.108
121.314021 98.127
123.076191 98.135
124.863957 98.141
126.677692 98.154
128.517773 98.171
130.384582 98.184
132.278507 98.193
134.199944 98.198
136.149290 98.211
138.126952 98.230
140.133341 98.238
142.168875 98.238
144.233975 98.242
146.329073 98.255
148.454604 98.269
150.611009 98.275
152.798738 98.276
155.018244 98.284
157.269991 98.295
159.554446 98.297
161.872084 98.298
164.223387 98.308
166.608845 98.319
169.028953 98.321
171.484215 98.321
173.975141 98.327
176.502250 98.334
179.066067 98.337
181.667125 98.341
184.305965 98.347
186.983136 98.347
189.699194 98.346
192.454706 98.352
195.250243 98.357
198.086387 98.355
200.963728 98.354
203.882864 98.356
206.844403 98.356
209.848961 98.357
212.897161 98.358
215.989639 98.354
219.127037 98.351
222.310008 98.352
225.539214 98.350
228.815326 98.346
232.139026 98.343
235.511005 98.337
238.931965 98.336
242.402616 98.330
245.923681 98.323
249.495892 98.318
253.119991 98.311
256.796733 98.303
260.526882 98.293
264.311215 98.284
268.150517 98.275
272.045588 98.263
275.997237 98.251
280.006287 98.239
284.073571 98.226
288.199935 98.211
292.386238 98.196
296.633349 98.181
300.942152 98.163
305.313544 98.145
309.748434 98.128
314.247743 98.110
318.812408 98.090
323.443377 98.071
328.141615 98.051
332.908098 98.031
337.743817 98.012
342.649778 97.993
347.627002 97.973
352.676523 97.955
357.799393 97.937
362.996675 97.920
368.269452 97.904
373.618819 97.888
379.045889 97.872
384.551792 97.857
390.137671 97.842
395.804689 97.826
401.554025 97.811
407.386873 97.793
413.304448 97.776
419.307980 97.757
425.398716 97.738
431.577926 97.717
437.846892 97.694
444.206919 97.670
450.659331 97.645
457.205468 97.618
463.846692 97.590
470.584384 97.561
477.419946 97.531
484.354799 97.501
491.390386 97.470
498.528170 97.439
505.769634 97.407
513.116286 97.374
520.569654 97.342
528.131286 97.310
535.802756 97.277
543.585660 97.244
551.481616 97.211
559.492266 97.177
567.619276 97.143
575.864337 97.108
584.229163 97.073
592.715493 97.038
601.325094 97.002
610.059754 96.965
618.921292 96.927
627.911550 96.890
637.032397 96.852
646.285731 96.814
655.673476 96.777
665.197585 96.741
674.860038 96.704
684.662844 96.669
694.608043 96.635
704.697703 96.603
714.933922 96.572
725.318829 96.544
735.854584 96.518
746.543379 96.495
757.387435 96.475
768.389009 96.458
779.550388 96.443
790.873894 96.432
802.361881 96.425
814.016740 96.422
825.840893 96.423
837.836800 96.428
850.006956 96.438
862.353892 96.452
874.880176 96.473
887.588413 96.500
900.481245 96.532
913.561355 96.571
926.831463 96.615
940.294327 96.667
953.952750 96.726
967.809570 96.791
981.867670 96.863
996.129973 96.942
1010.599447 97.028
1025.279099 97.120
1040.171984 97.216
1055.281198 97.317
1070.609883 97.422
1086.161229 97.530
1101.938468 97.640
1117.944883 97.751
1134.183801 97.861
1150.658602 97.970
1167.372710 98.076
1184.329602 98.178
1201.532804 98.277
1218.985895 98.372
1236.692504 98.460
1254.656314 98.542
1272.881060 98.618
1291.370534 98.686
1310.128579 98.751
1329.159099 98.808
1348.466049 98.860
1368.053447 98.907
1387.925364 98.948
1408.085935 98.985
1428.539353 99.018
1449.289870 99.048
1470.341803 99.076
1491.699529 99.101
1513.367491 99.125
1535.350196 99.149
1557.652214 99.173
1580.278184 99.199
1603.232812 99.227
1626.520872 99.257
1650.147207 99.291
1674.116731 99.330
1698.434429 99.373
1723.105358 99.422
1748.134649 99.477
1773.527508 99.539
1799.289215 99.609
1825.425129 99.686
1851.940686 99.771
1878.841399 99.866
1906.132863 99.969
1933.820755 100.082
1961.910832 100.206
1990.408937 100.340
2019.320997 100.486
2048.653024 100.644
2078.411119 100.815
2108.601471 101.000
2139.230358 101.198
2170.304151 101.415
2201.829313 101.646
2233.812399 101.897
2266.260061 102.167
2299.179048 102.457
2332.576206 102.771
2366.458481 103.108
2400.832919 103.467
2435.706669 103.852
2471.086985 104.259
2506.981224 104.690
2543.396851 105.139
2580.341441 105.603
2617.822676 106.073
2655.848352 106.535
2694.426377 106.976
2733.564774 107.366
2773.271684 107.689
2813.555364 107.910
2854.424192 108.027
2895.886667 107.996
2937.951414 107.813
2980.627180 107.504
3023.922841 107.094
3067.847402 106.595
3112.409996 106.033
3157.619894 105.439
3203.486496 104.834
3250.019342 104.232
3297.228109 103.648
3345.122616 103.086
3393.712825 102.551
3443.008839 102.042
3493.020912 101.562
3543.759444 101.110
3595.234989 100.686
3647.458251 100.289
3700.440093 99.918
3754.191532 99.575
3808.723747 99.256
3864.048081 98.955
3920.176038 98.684
3977.119293 98.425
4034.889688 98.191
4093.499237 97.977
4152.960131 97.782
4213.284735 97.605
4274.485595 97.445
4336.575440 97.303
4399.567183 97.181
4463.473924 97.074
4528.308954 96.986
4594.085758 96.919
4660.818016 96.870
4728.519605 96.844
4797.204606 96.839
4866.887304 96.855
4937.582192 96.898
5009.303971 96.970
5082.067559 97.067
5155.888088 97.196
5230.780910 97.356
5306.761603 97.548
5383.845967 97.772
5462.050035 98.026
5541.390071 98.301
5621.882575 98.582
5703.544288 98.855
5786.392194 99.081
5870.443523 99.215
5955.715755 99.215
6042.226625 99.056
6129.994125 98.689
6219.036508 98.117
6309.372294 97.340
6401.020268 96.430
6493.999493 95.416
6588.329304 94.355
6684.029322 93.282
6781.119447 92.223
6879.619874 91.191
6979.551087 90.195
7080.933870 89.248
7183.789308 88.356
7288.138791 87.508
7394.004023 86.690
7501.407020 85.892
7610.370119 85.122
7720.915982 84.387
7833.067600 83.688
7946.848298 83.024
8062.281738 82.397
8179.391929 81.804
8298.203226 81.242
8418.740338 80.712
8541.028336 80.219
8665.092650 79.762
8790.959084 79.335
8918.653815 78.942
9048.203399 78.570
9179.634780 78.226
9312.975293 77.914
9448.252668 77.638
9585.495040 77.408
9724.730952 77.226
9865.989362 77.091
10009.299647 77.003
10154.691613 76.958
10302.195497 76.963
10451.841976 77.031
10603.662174 77.163
10757.687664 77.378
10913.950481 77.683
11072.483123 78.086
11233.318560 78.612
11396.490243 79.257
11562.032107 80.107
11729.978580 81.103
11900.364591 82.456
12073.225577 83.957
12248.597487 85.721
12426.516795 87.452
12607.020503 88.467
12790.146152 88.441
12975.931827 86.896
13164.416166 85.220
13355.638371 83.163
13549.638209 81.324
13746.456029 79.796
13946.132763 78.577
14148.709939 77.685
14354.229688 76.952
14562.734753 76.504
14774.268497 76.262
14988.874914 76.267
15206.598638 76.503
15427.484948 76.824
15651.579784 76.975
15878.929752 76.604
16109.582134 75.421
16343.584901 73.418
16580.986719 70.972
16821.836962 68.521
17066.185721 65.973
17314.083813 62.832
17565.582796 59.471
17820.734975 57.567
18079.593414 58.360
18342.211951 61.077
18608.645202 63.918
18878.948580 65.933
19153.178301 66.824
19431.391396 66.929
19713.645729 66.639
20000.000000 66.226
