* Measurement data measured by REW V5.31.3
* Source: Headset (2- USB-C to 3.5mm Headphone Jack Adapter), MICROPHONE (Master Volume), L, volume: 0.630
* Format: 64k Log Swept Sine, 1 sweep at -30.0 dBFS with no timing reference
* REW Settings:
*  C-weighting compensation: Off
*  Target level: 75.0 dB
* Note: ; 
* Measurement: 2
* Smoothing: 1/24 octave
* Frequency Step: 1/48 octave
* Start Frequency: 1.000 Hz
*
* Freq(Hz) SPL(dB)

20.000000 90.636
20.290514 90.747
20.585247 90.858
20.884262 90.969
21.187621 91.078
21.495385 91.184
21.807621 91.288
22.124391 91.389
22.445763 91.490
22.771804 91.590
23.102580 91.690
23.438160 91.792
23.778616 91.894
24.124017 91.998
24.474435 92.101
24.829943 92.204
25.190615 92.303
25.556526 92.401
25.927752 92.498
26.304370 92.594
26.686459 92.693
27.074098 92.792
27.467368 92.890
27.866351 92.988
28.271129 93.084
28.681786 93.180
29.098409 93.273
29.521083 93.366
29.949897 93.459
30.384940 93.553
30.826303 93.650
31.274076 93.746
31.728353 93.841
32.189229 93.936
32.656800 94.030
33.131163 94.127
33.612416 94.224
34.100659 94.319
34.595995 94.411
35.098525 94.502
35.608355 94.592
36.125591 94.680
36.650340 94.763
37.182712 94.844
37.722816 94.925
38.270766 95.005
38.826675 95.079
39.390660 95.150
39.962836 95.222
40.543324 95.294
41.132243 95.366
41.729717 95.438
42.335870 95.513
42.950828 95.589
43.574718 95.665
44.207671 95.740
44.849818 95.816
45.501292 95.891
46.162230 95.962
46.832768 96.031
47.513046 96.100
48.203206 96.167
48.903391 96.229
49.613746 96.290
50.334420 96.354
51.065562 96.423
51.807325 96.496
52.559862 96.569
53.323330 96.643
54.097888 96.716
54.883697 96.789
55.680920 96.858
56.489724 96.923
57.310276 96.985
58.142747 97.046
58.987311 97.106
59.844142 97.168
60.713419 97.232
61.595324 97.298
62.490038 97.366
63.397749 97.433
64.318645 97.497
65.252917 97.555
66.200761 97.606
67.162372 97.652
68.137952 97.694
69.127703 97.738
70.131830 97.785
71.150543 97.837
72.184054 97.891
73.232577 97.945
74.296331 97.994
75.375536 98.037
76.470417 98.075
77.581203 98.111
78.708123 98.149
79.851413 98.193
81.011310 98.241
82.188055 98.290
83.381893 98.335
84.593072 98.373
85.821845 98.404
87.068466 98.434
88.333195 98.468
89.616296 98.509
90.918034 98.552
92.238681 98.592
93.578512 98.623
94.937804 98.644
96.316841 98.661
97.715909 98.681
99.135300 98.709
100.575309 98.740
102.036234 98.767
103.518381 98.786
105.022056 98.799
106.547574 98.815
108.095251 98.838
109.665409 98.867
111.258374 98.892
112.874479 98.907
114.514058 98.918
116.177454 98.936
117.865011 98.961
119.577082 98.992
121.314021 99.018
123.076191 99.033
124.863957 99.046
126.677692 99.066
128.517773 99.091
130.384582 99.110
132.278507 99.125
134.199944 99.135
136.149290 99.152
138.126952 99.173
140.133341 99.184
142.168875 99.183
144.233975 99.186
146.329073 99.197
148.454604 99.207
150.611009 99.209
152.798738 99.205
155.018244 99.208
157.269991 99.213
159.554446 99.208
161.872084 99.204
164.223387 99.208
166.608845 99.212
169.028953 99.208
171.484215 99.203
173.975141 99.204
176.502250 99.206
179.066067 99.204
181.667125 99.204
184.305965 99.207
186.983136 99.205
189.699194 99.201
192.454706 99.206
195.250243 99.210
198.086387 99.207
200.963728 99.207
203.882864 99.210
206.844403 99.210
209.848961 99.212
212.897161 99.214
215.989639 99.211
219.127037 99.210
222.310008 99.212
225.539214 99.212
228.815326 99.210
232.139026 99.207
235.511005 99.203
238.931965 99.202
242.402616 99.197
245.923681 99.191
249.495892 99.187
253.119991 99.181
256.796733 99.175
260.526882 99.166
264.311215 99.158
268.150517 99.152
272.045588 99.142
275.997237 99.133
280.006287 99.124
284.073571 99.115
288.199935 99.104
292.386238 99.094
296.633349 99.084
300.942152 99.074
305.313544 99.063
309.748434 99.053
314.247743 99.044
318.812408 99.033
323.443377 99.024
328.141615 99.014
332.908098 99.004
337.743817 98.995
342.649778 98.985
347.627002 98.973
352.676523 98.962
357.799393 98.950
362.996675 98.936
368.269452 98.923
373.618819 98.907
379.045889 98.890
384.551792 98.871
390.137671 98.852
395.804689 98.830
401.554025 98.808
407.386873 98.784
413.304448 98.759
419.307980 98.733
425.398716 98.707
431.577926 98.680
437.846892 98.652
444.206919 98.624
450.659331 98.595
457.205468 98.566
463.846692 98.536
470.584384 98.506
477.419946 98.476
484.354799 98.447
491.390386 98.417
498.528170 98.387
505.769634 98.357
513.116286 98.328
520.569654 98.299
528.131286 98.270
535.802756 98.241
543.585660 98.213
551.481616 98.184
559.492266 98.155
567.619276 98.125
575.864337 98.096
584.229163 98.067
592.715493 98.037
601.325094 98.006
610.059754 97.975
618.921292 97.944
627.911550 97.913
637.032397 97.881
646.285731 97.850
655.673476 97.820
665.197585 97.789
674.860038 97.759
684.662844 97.730
694.608043 97.701
704.697703 97.674
714.933922 97.648
725.318829 97.625
735.854584 97.604
746.543379 97.586
757.387435 97.570
768.389009 97.558
779.550388 97.549
790.873894 97.543
802.361881 97.542
814.016740 97.546
825.840893 97.555
837.836800 97.568
850.006956 97.587
862.353892 97.611
874.880176 97.642
887.588413 97.680
900.481245 97.724
913.561355 97.775
926.831463 97.832
940.294327 97.897
953.952750 97.968
967.809570 98.046
981.867670 98.131
996.129973 98.222
1010.599447 98.319
1025.279099 98.421
1040.171984 98.527
1055.281198 98.636
1070.609883 98.747
1086.161229 98.859
1101.938468 98.972
1117.944883 99.084
1134.183801 99.193
1150.658602 99.300
1167.372710 99.403
1184.329602 99.502
1201.532804 99.597
1218.985895 99.687
1236.692504 99.769
1254.656314 99.847
1272.881060 99.918
1291.370534 99.981
1310.128579 100.042
1329.159099 100.096
1348.466049 100.145
1368.053447 100.190
1387.925364 100.231
1408.085935 100.267
1428.539353 100.301
1449.289870 100.333
1470.341803 100.363
1491.699529 100.392
1513.367491 100.421
1535.350196 100.450
1557.652214 100.480
1580.278184 100.511
1603.232812 100.545
1626.520872 100.581
1650.147207 100.620
1674.116731 100.663
1698.434429 100.710
1723.105358 100.762
1748.134649 100.819
1773.527508 100.882
1799.289215 100.951
1825.425129 101.027
1851.940686 101.111
1878.841399 101.203
1906.132863 101.303
1933.820755 101.413
1961.910832 101.534
1990.408937 101.665
2019.320997 101.809
2048.653024 101.964
2078.411119 102.134
2108.601471 102.317
2139.230358 102.514
2170.304151 102.731
2201.829313 102.961
2233.812399 103.212
2266.260061 103.482
2299.179048 103.772
2332.576206 104.085
2366.458481 104.422
2400.832919 104.779
2435.706669 105.163
2471.086985 105.568
2506.981224 105.997
2543.396851 106.444
2580.341441 106.905
2617.822676 107.371
2655.848352 107.830
2694.426377 108.268
2733.564774 108.652
2773.271684 108.971
2813.555364 109.186
2854.424192 109.297
2895.886667 109.259
2937.951414 109.067
2980.627180 108.750
3023.922841 108.329
3067.847402 107.820
3112.409996 107.245
3157.619894 106.637
3203.486496 106.018
3250.019342 105.402
3297.228109 104.802
3345.122616 104.224
3393.712825 103.671
3443.008839 103.146
3493.020912 102.649
3543.759444 102.181
3595.234989 101.741
3647.458251 101.328
3700.440093 100.943
3754.191532 100.586
3808.723747 100.254
3864.048081 99.940
3920.176038 99.657
3977.119293 99.387
4034.889688 99.144
4093.499237 98.920
4152.960131 98.716
4213.284735 98.530
4274.485595 98.362
4336.575440 98.213
4399.567183 98.082
4463.473924 97.969
4528.308954 97.873
4594.085758 97.799
4660.818016 97.743
4728.519605 97.709
4797.204606 97.697
4866.887304 97.705
4937.582192 97.741
5009.303971 97.805
5082.067559 97.894
5155.888088 98.015
5230.780910 98.168
5306.761603 98.352
5383.845967 98.568
5462.050035 98.815
5541.390071 99.082
5621.882575 99.355
5703.544288 99.622
5786.392194 99.841
5870.443523 99.968
5955.715755 99.961
6042.226625 99.795
6129.994125 99.422
6219.036508 98.843
6309.372294 98.059
6401.020268 97.142
6493.999493 96.121
6588.329304 95.052
6684.029322 93.971
6781.119447 92.905
6879.619874 91.865
6979.551087 90.861
7080.933870 89.906
7183.789308 89.005
7288.138791 88.149
7394.004023 87.321
7501.407020 86.513
7610.370119 85.733
7720.915982 84.988
7833.067600 84.278
7946.848298 83.603
8062.281738 82.964
8179.391929 82.359
8298.203226 81.785
8418.740338 81.243
8541.028336 80.738
8665.092650 80.270
8790.959084 79.832
8918.653815 79.430
9048.203399 79.050
9179.634780 78.700
9312.975293 78.383
9448.252668 78.104
9585.495040 77.873
9724.730952 77.692
9865.989362 77.558
10009.299647 77.473
10154.691613 77.432
10302.195497 77.441
10451.841976 77.514
10603.662174 77.650
10757.687664 77.868
10913.950481 78.176
11072.483123 78.581
11233.318560 79.107
11396.490243 79.751
11562.032107 80.598
11729.978580 81.590
11900.364591 82.937
12073.225577 84.432
12248.597487 86.188
12426.516795 87.910
12607.020503 88.916
12790.146152 88.881
12975.931827 87.327
13164.416166 85.644
13355.638371 83.578
13549.638209 81.732
13746.456029 80.198
13946.132763 78.975
14148.709939 78.079
14354.229688 77.343
14562.734753 76.895
14774.268497 76.652
14988.874914 76.658
15206.598638 76.895
15427.484948 77.218
15651.579784 77.371
15878.929752 77.003
16109.582134 75.823
16343.584901 73.822
16580.986719 71.378
16821.836962 68.929
17066.185721 66.383
17314.083813 63.244
17565.582796 59.883
17820.734975 57.980
18079.593414 58.774
18342.211951 61.491
18608.645202 64.332
18878.948580 66.348
19153.178301 67.238
19431.391396 67.343
19713.645729 67.052
20000.000000 66.639
