* Measurement data measured by REW V5.31.3
* Source: Headset (2- USB-C to 3.5mm Headphone Jack Adapter), MICROPHONE (Master Volume), L, volume: 0.630
* Format: 64k Log Swept Sine, 1 sweep at -30.0 dBFS with no timing reference
* REW Settings:
*  C-weighting compensation: Off
*  Target level: 75.0 dB
* Note: ; 
* Measurement: 5
* Smoothing: 1/24 octave
* Frequency Step: 1/48 octave
* Start Frequency: 1.000 Hz
*
* Freq(Hz) SPL(dB)

20.000000 91.138
20.290514 91.258
20.585247 91.377
20.884262 91.495
21.187621 91.609
21.495385 91.718
21.807621 91.825
22.124391 91.928
22.445763 92.030
22.771804 92.131
23.102580 92.232
23.438160 92.334
23.778616 92.437
24.124017 92.541
24.474435 92.645
24.829943 92.749
25.190615 92.849
25.556526 92.948
25.927752 93.046
26.304370 93.143
26.686459 93.241
27.074098 93.340
27.467368 93.437
27.866351 93.532
28.271129 93.625
28.681786 93.715
29.098409 93.803
29.521083 93.889
29.949897 93.974
30.384940 94.060
30.826303 94.148
31.274076 94.235
31.728353 94.321
32.189229 94.406
32.656800 94.492
33.131163 94.580
33.612416 94.668
34.100659 94.755
34.595995 94.839
35.098525 94.923
35.608355 95.006
36.125591 95.087
36.650340 95.163
37.182712 95.237
37.722816 95.310
38.270766 95.381
38.826675 95.447
39.390660 95.509
39.962836 95.570
40.543324 95.632
41.132243 95.693
41.729717 95.753
42.335870 95.815
42.950828 95.877
43.574718 95.939
44.207671 95.999
44.849818 96.059
45.501292 96.118
46.162230 96.171
46.832768 96.222
47.513046 96.271
48.203206 96.318
48.903391 96.359
49.613746 96.397
50.334420 96.438
51.065562 96.483
51.807325 96.530
52.559862 96.577
53.323330 96.623
54.097888 96.668
54.883697 96.711
55.680920 96.750
56.489724 96.785
57.310276 96.817
58.142747 96.848
58.987311 96.879
59.844142 96.913
60.713419 96.949
61.595324 96.989
62.490038 97.034
63.397749 97.079
64.318645 97.123
65.252917 97.164
66.200761 97.200
67.162372 97.232
68.137952 97.265
69.127703 97.299
70.131830 97.339
71.150543 97.384
72.184054 97.434
73.232577 97.484
74.296331 97.528
75.375536 97.567
76.470417 97.601
77.581203 97.632
78.708123 97.666
79.851413 97.704
81.011310 97.747
82.188055 97.790
83.381893 97.828
84.593072 97.860
85.821845 97.886
87.068466 97.911
88.333195 97.940
89.616296 97.977
90.918034 98.017
92.238681 98.055
93.578512 98.085
94.937804 98.106
96.316841 98.123
97.715909 98.144
99.135300 98.173
100.575309 98.206
102.036234 98.235
103.518381 98.255
105.022056 98.270
106.547574 98.286
108.095251 98.309
109.665409 98.336
111.258374 98.359
112.874479 98.371
114.514058 98.379
116.177454 98.393
117.865011 98.413
119.577082 98.438
121.314021 98.460
123.076191 98.470
124.863957 98.479
126.677692 98.496
128.517773 98.518
130.384582 98.536
132.278507 98.551
134.199944 98.562
136.149290 98.583
138.126952 98.608
140.133341 98.625
142.168875 98.631
144.233975 98.643
146.329073 98.663
148.454604 98.683
150.611009 98.696
152.798738 98.703
155.018244 98.716
157.269991 98.732
159.554446 98.737
161.872084 98.743
164.223387 98.756
166.608845 98.769
169.028953 98.773
171.484215 98.775
173.975141 98.783
176.502250 98.790
179.066067 98.793
181.667125 98.797
184.305965 98.802
186.983136 98.801
189.699194 98.797
192.454706 98.799
195.250243 98.800
198.086387 98.791
200.963728 98.784
203.882864 98.778
206.844403 98.768
209.848961 98.758
212.897161 98.747
215.989639 98.729
219.127037 98.711
222.310008 98.696
225.539214 98.676
228.815326 98.655
232.139026 98.632
235.511005 98.608
238.931965 98.586
242.402616 98.561
245.923681 98.535
249.495892 98.511
253.119991 98.487
256.796733 98.462
260.526882 98.436
264.311215 98.412
268.150517 98.391
272.045588 98.367
275.997237 98.346
280.006287 98.326
284.073571 98.306
288.199935 98.286
292.386238 98.267
296.633349 98.250
300.942152 98.232
305.313544 98.214
309.748434 98.197
314.247743 98.180
318.812408 98.161
323.443377 98.143
328.141615 98.125
332.908098 98.105
337.743817 98.085
342.649778 98.064
347.627002 98.041
352.676523 98.018
357.799393 97.994
362.996675 97.969
368.269452 97.943
373.618819 97.916
379.045889 97.888
384.551792 97.860
390.137671 97.831
395.804689 97.800
401.554025 97.770
407.386873 97.738
413.304448 97.707
419.307980 97.675
425.398716 97.643
431.577926 97.611
437.846892 97.579
444.206919 97.546
450.659331 97.514
457.205468 97.481
463.846692 97.447
470.584384 97.414
477.419946 97.380
484.354799 97.346
491.390386 97.312
498.528170 97.278
505.769634 97.242
513.116286 97.206
520.569654 97.169
528.131286 97.133
535.802756 97.096
543.585660 97.059
551.481616 97.021
559.492266 96.984
567.619276 96.946
575.864337 96.909
584.229163 96.872
592.715493 96.836
601.325094 96.800
610.059754 96.765
618.921292 96.730
627.911550 96.697
637.032397 96.665
646.285731 96.634
655.673476 96.604
665.197585 96.575
674.860038 96.548
684.662844 96.521
694.608043 96.496
704.697703 96.471
714.933922 96.448
725.318829 96.427
735.854584 96.408
746.543379 96.391
757.387435 96.376
768.389009 96.363
779.550388 96.354
790.873894 96.347
802.361881 96.344
814.016740 96.346
825.840893 96.353
837.836800 96.364
850.006956 96.380
862.353892 96.402
874.880176 96.431
887.588413 96.466
900.481245 96.507
913.561355 96.555
926.831463 96.609
940.294327 96.670
953.952750 96.738
967.809570 96.812
981.867670 96.892
996.129973 96.979
1010.599447 97.072
1025.279099 97.171
1040.171984 97.273
1055.281198 97.380
1070.609883 97.490
1086.161229 97.603
1101.938468 97.717
1117.944883 97.832
1134.183801 97.945
1150.658602 98.058
1167.372710 98.168
1184.329602 98.274
1201.532804 98.377
1218.985895 98.475
1236.692504 98.567
1254.656314 98.654
1272.881060 98.735
1291.370534 98.808
1310.128579 98.878
1329.159099 98.942
1348.466049 99.001
1368.053447 99.056
1387.925364 99.106
1408.085935 99.151
1428.539353 99.195
1449.289870 99.235
1470.341803 99.274
1491.699529 99.311
1513.367491 99.348
1535.350196 99.384
1557.652214 99.421
1580.278184 99.460
1603.232812 99.501
1626.520872 99.544
1650.147207 99.590
1674.116731 99.640
1698.434429 99.694
1723.105358 99.753
1748.134649 99.818
1773.527508 99.888
1799.289215 99.965
1825.425129 100.050
1851.940686 100.141
1878.841399 100.241
1906.132863 100.350
1933.820755 100.468
1961.910832 100.596
1990.408937 100.735
2019.320997 100.885
2048.653024 101.047
2078.411119 101.222
2108.601471 101.411
2139.230358 101.613
2170.304151 101.835
2201.829313 102.070
2233.812399 102.326
2266.260061 102.599
2299.179048 102.894
2332.576206 103.211
2366.458481 103.552
2400.832919 103.913
2435.706669 104.301
2471.086985 104.710
2506.981224 105.143
2543.396851 105.594
2580.341441 106.059
2617.822676 106.531
2655.848352 106.995
2694.426377 107.438
2733.564774 107.829
2773.271684 108.154
2813.555364 108.376
2854.424192 108.495
2895.886667 108.465
2937.951414 108.281
2980.627180 107.973
3023.922841 107.561
3067.847402 107.061
3112.409996 106.495
3157.619894 105.896
3203.486496 105.286
3250.019342 104.678
3297.228109 104.087
3345.122616 103.516
3393.712825 102.971
3443.008839 102.452
3493.020912 101.961
3543.759444 101.498
3595.234989 101.062
3647.458251 100.654
3700.440093 100.273
3754.191532 99.919
3808.723747 99.591
3864.048081 99.282
3920.176038 99.003
3977.119293 98.738
4034.889688 98.500
4093.499237 98.283
4152.960131 98.086
4213.284735 97.908
4274.485595 97.748
4336.575440 97.607
4399.567183 97.486
4463.473924 97.381
4528.308954 97.295
4594.085758 97.229
4660.818016 97.181
4728.519605 97.155
4797.204606 97.150
4866.887304 97.166
4937.582192 97.208
5009.303971 97.277
5082.067559 97.372
5155.888088 97.498
5230.780910 97.656
5306.761603 97.845
5383.845967 98.065
5462.050035 98.316
5541.390071 98.587
5621.882575 98.865
5703.544288 99.135
5786.392194 99.358
5870.443523 99.489
5955.715755 99.487
6042.226625 99.325
6129.994125 98.956
6219.036508 98.381
6309.372294 97.603
6401.020268 96.690
6493.999493 95.675
6588.329304 94.612
6684.029322 93.538
6781.119447 92.478
6879.619874 91.445
6979.551087 90.447
7080.933870 89.499
7183.789308 88.605
7288.138791 87.755
7394.004023 86.934
7501.407020 86.133
7610.370119 85.359
7720.915982 84.620
7833.067600 83.915
7946.848298 83.245
8062.281738 82.611
8179.391929 82.012
8298.203226 81.442
8418.740338 80.904
8541.028336 80.403
8665.092650 79.939
8790.959084 79.505
8918.653815 79.107
9048.203399 78.729
9179.634780 78.383
9312.975293 78.067
9448.252668 77.790
9585.495040 77.559
9724.730952 77.378
9865.989362 77.244
10009.299647 77.157
10154.691613 77.115
10302.195497 77.121
10451.841976 77.189
10603.662174 77.322
10757.687664 77.535
10913.950481 77.838
11072.483123 78.238
11233.318560 78.759
11396.490243 79.398
11562.032107 80.241
11729.978580 81.229
11900.364591 82.573
12073.225577 84.065
12248.597487 85.819
12426.516795 87.540
12607.020503 88.546
12790.146152 88.511
12975.931827 86.958
13164.416166 85.276
13355.638371 83.212
13549.638209 81.369
13746.456029 79.838
13946.132763 78.618
14148.709939 77.725
14354.229688 76.993
14562.734753 76.547
14774.268497 76.307
14988.874914 76.315
15206.598638 76.555
15427.484948 76.879
15651.579784 77.033
15878.929752 76.667
16109.582134 75.486
16343.584901 73.487
16580.986719 71.043
16821.836962 68.594
17066.185721 66.048
17314.083813 62.909
17565.582796 59.550
17820.734975 57.648
18079.593414 58.442
18342.211951 61.160
18608.645202 64.003
18878.948580 66.019
19153.178301 66.911
19431.391396 67.017
19713.645729 66.726
20000.000000 66.314
