* Measurement data measured by REW V5.31.3
* Source: Headset (2- USB-C to 3.5mm Headphone Jack Adapter), MICROPHONE (Master Volume), L, volume: 0.630
* Format: 64k Log Swept Sine, 1 sweep at -30.0 dBFS with no timing reference
* REW Settings:
*  C-weighting compensation: Off
*  Target level: 75.0 dB
* Note: ; 
* Measurement: 17
* Smoothing: 1/24 octave
* Frequency Step: 1/48 octave
* Start Frequency: 1.000 Hz
*
* Freq(Hz) SPL(dB)

20.000000 90.651
20.290514 90.770
20.585247 90.888
20.884262 91.005
21.187621 91.118
21.495385 91.227
21.807621 91.334
22.124391 91.438
22.445763 91.541
22.771804 91.644
23.102580 91.748
23.438160 91.853
23.778616 91.960
24.124017 92.069
24.474435 92.180
24.829943 92.290
25.190615 92.399
25.556526 92.507
25.927752 92.614
26.304370 92.721
26.686459 92.830
27.074098 92.940
27.467368 93.049
27.866351 93.157
28.271129 93.262
28.681786 93.365
29.098409 93.465
29.521083 93.563
29.949897 93.660
30.384940 93.758
30.826303 93.857
31.274076 93.956
31.728353 94.053
32.189229 94.149
32.656800 94.246
33.131163 94.345
33.612416 94.445
34.100659 94.543
34.595995 94.639
35.098525 94.735
35.608355 94.831
36.125591 94.925
36.650340 95.015
37.182712 95.103
37.722816 95.191
38.270766 95.277
38.826675 95.358
39.390660 95.435
39.962836 95.511
40.543324 95.587
41.132243 95.662
41.729717 95.735
42.335870 95.810
42.950828 95.884
43.574718 95.956
44.207671 96.025
44.849818 96.094
45.501292 96.161
46.162230 96.222
46.832768 96.279
47.513046 96.334
48.203206 96.386
48.903391 96.432
49.613746 96.475
50.334420 96.521
51.065562 96.572
51.807325 96.625
52.559862 96.678
53.323330 96.732
54.097888 96.785
54.883697 96.837
55.680920 96.885
56.489724 96.930
57.310276 96.973
58.142747 97.015
58.987311 97.057
59.844142 97.101
60.713419 97.148
61.595324 97.199
62.490038 97.253
63.397749 97.307
64.318645 97.359
65.252917 97.406
66.200761 97.448
67.162372 97.484
68.137952 97.519
69.127703 97.555
70.131830 97.595
71.150543 97.640
72.184054 97.687
73.232577 97.734
74.296331 97.776
75.375536 97.811
76.470417 97.841
77.581203 97.868
78.708123 97.898
79.851413 97.933
81.011310 97.972
82.188055 98.011
83.381893 98.047
84.593072 98.076
85.821845 98.100
87.068466 98.123
88.333195 98.151
89.616296 98.187
90.918034 98.227
92.238681 98.266
93.578512 98.296
94.937804 98.318
96.316841 98.336
97.715909 98.359
99.135300 98.390
100.575309 98.424
102.036234 98.454
103.518381 98.476
105.022056 98.492
106.547574 98.509
108.095251 98.532
109.665409 98.559
111.258374 98.582
112.874479 98.593
114.514058 98.599
116.177454 98.611
117.865011 98.629
119.577082 98.651
121.314021 98.670
123.076191 98.678
124.863957 98.684
126.677692 98.699
128.517773 98.719
130.384582 98.736
132.278507 98.751
134.199944 98.761
136.149290 98.782
138.126952 98.807
140.133341 98.824
142.168875 98.830
144.233975 98.842
146.329073 98.862
148.454604 98.881
150.611009 98.892
152.798738 98.897
155.018244 98.908
157.269991 98.921
159.554446 98.924
161.872084 98.926
164.223387 98.935
166.608845 98.945
169.028953 98.946
171.484215 98.944
173.975141 98.950
176.502250 98.956
179.066067 98.959
181.667125 98.964
184.305965 98.972
186.983136 98.974
189.699194 98.976
192.454706 98.985
195.250243 98.994
198.086387 98.995
200.963728 98.998
203.882864 99.003
206.844403 99.005
209.848961 99.007
212.897161 99.009
215.989639 99.004
219.127037 98.999
222.310008 98.997
225.539214 98.990
228.815326 98.982
232.139026 98.972
235.511005 98.960
238.931965 98.952
242.402616 98.939
245.923681 98.925
249.495892 98.914
253.119991 98.902
256.796733 98.890
260.526882 98.876
264.311215 98.864
268.150517 98.854
272.045588 98.841
275.997237 98.831
280.006287 98.821
284.073571 98.812
288.199935 98.801
292.386238 98.793
296.633349 98.785
300.942152 98.776
305.313544 98.767
309.748434 98.758
314.247743 98.750
318.812408 98.740
323.443377 98.731
328.141615 98.721
332.908098 98.709
337.743817 98.698
342.649778 98.685
347.627002 98.671
352.676523 98.656
357.799393 98.641
362.996675 98.624
368.269452 98.607
373.618819 98.588
379.045889 98.568
384.551792 98.547
390.137671 98.525
395.804689 98.501
401.554025 98.477
407.386873 98.451
413.304448 98.424
419.307980 98.396
425.398716 98.368
431.577926 98.340
437.846892 98.310
444.206919 98.280
450.659331 98.250
457.205468 98.220
463.846692 98.189
470.584384 98.159
477.419946 98.130
484.354799 98.100
491.390386 98.071
498.528170 98.043
505.769634 98.014
513.116286 97.985
520.569654 97.956
528.131286 97.928
535.802756 97.899
543.585660 97.870
551.481616 97.840
559.492266 97.810
567.619276 97.778
575.864337 97.746
584.229163 97.714
592.715493 97.681
601.325094 97.648
610.059754 97.614
618.921292 97.581
627.911550 97.548
637.032397 97.515
646.285731 97.483
655.673476 97.452
665.197585 97.422
674.860038 97.392
684.662844 97.363
694.608043 97.335
704.697703 97.308
714.933922 97.282
725.318829 97.258
735.854584 97.235
746.543379 97.213
757.387435 97.194
768.389009 97.177
779.550388 97.162
790.873894 97.150
802.361881 97.141
814.016740 97.137
825.840893 97.137
837.836800 97.142
850.006956 97.153
862.353892 97.169
874.880176 97.192
887.588413 97.223
900.481245 97.260
913.561355 97.304
926.831463 97.356
940.294327 97.414
953.952750 97.480
967.809570 97.553
981.867670 97.632
996.129973 97.718
1010.599447 97.810
1025.279099 97.907
1040.171984 98.009
1055.281198 98.113
1070.609883 98.221
1086.161229 98.330
1101.938468 98.441
1117.944883 98.551
1134.183801 98.660
1150.658602 98.766
1167.372710 98.870
1184.329602 98.970
1201.532804 99.066
1218.985895 99.158
1236.692504 99.243
1254.656314 99.323
1272.881060 99.397
1291.370534 99.462
1310.128579 99.525
1329.159099 99.582
1348.466049 99.633
1368.053447 99.678
1387.925364 99.719
1408.085935 99.754
1428.539353 99.787
1449.289870 99.816
1470.341803 99.843
1491.699529 99.867
1513.367491 99.889
1535.350196 99.911
1557.652214 99.933
1580.278184 99.956
1603.232812 99.980
1626.520872 100.006
1650.147207 100.036
1674.116731 100.069
1698.434429 100.107
1723.105358 100.150
1748.134649 100.199
1773.527508 100.255
1799.289215 100.318
1825.425129 100.389
1851.940686 100.469
1878.841399 100.558
1906.132863 100.657
1933.820755 100.766
1961.910832 100.887
1990.408937 101.018
2019.320997 101.162
2048.653024 101.319
2078.411119 101.488
2108.601471 101.672
2139.230358 101.870
2170.304151 102.088
2201.829313 102.319
2233.812399 102.571
2266.260061 102.841
2299.179048 103.132
2332.576206 103.446
2366.458481 103.784
2400.832919 104.142
2435.706669 104.526
2471.086985 104.932
2506.981224 105.361
2543.396851 105.808
2580.341441 106.268
2617.822676 106.734
2655.848352 107.192
2694.426377 107.628
2733.564774 108.011
2773.271684 108.328
2813.555364 108.541
2854.424192 108.651
2895.886667 108.612
2937.951414 108.420
2980.627180 108.103
3023.922841 107.683
3067.847402 107.175
3112.409996 106.602
3157.619894 105.998
3203.486496 105.383
3250.019342 104.772
3297.228109 104.178
3345.122616 103.606
3393.712825 103.062
3443.008839 102.544
3493.020912 102.056
3543.759444 101.596
3595.234989 101.165
3647.458251 100.761
3700.440093 100.385
3754.191532 100.036
3808.723747 99.712
3864.048081 99.406
3920.176038 99.130
3977.119293 98.867
4034.889688 98.630
4093.499237 98.411
4152.960131 98.212
4213.284735 98.030
4274.485595 97.865
4336.575440 97.719
4399.567183 97.591
4463.473924 97.479
4528.308954 97.386
4594.085758 97.313
4660.818016 97.259
4728.519605 97.227
4797.204606 97.217
4866.887304 97.227
4937.582192 97.266
5009.303971 97.333
5082.067559 97.425
5155.888088 97.549
5230.780910 97.705
5306.761603 97.892
5383.845967 98.110
5462.050035 98.359
5541.390071 98.627
5621.882575 98.901
5703.544288 99.167
5786.392194 99.384
5870.443523 99.508
5955.715755 99.499
6042.226625 99.329
6129.994125 98.951
6219.036508 98.368
6309.372294 97.580
6401.020268 96.658
6493.999493 95.634
6588.329304 94.563
6684.029322 93.481
6781.119447 92.415
6879.619874 91.376
6979.551087 90.375
7080.933870 89.424
7183.789308 88.529
7288.138791 87.680
7394.004023 86.860
7501.407020 86.061
7610.370119 85.290
7720.915982 84.554
7833.067600 83.853
7946.848298 83.185
8062.281738 82.554
8179.391929 81.956
8298.203226 81.387
8418.740338 80.848
8541.028336 80.346
8665.092650 79.879
8790.959084 79.441
8918.653815 79.038
9048.203399 78.656
9179.634780 78.303
9312.975293 77.983
9448.252668 77.701
9585.495040 77.466
9724.730952 77.282
9865.989362 77.146
10009.299647 77.058
10154.691613 77.015
10302.195497 77.022
10451.841976 77.093
10603.662174 77.227
10757.687664 77.443
10913.950481 77.749
11072.483123 78.152
11233.318560 78.677
11396.490243 79.318
11562.032107 80.163
11729.978580 81.154
11900.364591 82.499
12073.225577 83.992
12248.597487 85.748
12426.516795 87.471
12607.020503 88.479
12790.146152 88.446
12975.931827 86.896
13164.416166 85.217
13355.638371 83.158
13549.638209 81.319
13746.456029 79.793
13946.132763 78.578
14148.709939 77.691
14354.229688 76.964
14562.734753 76.524
14774.268497 76.289
14988.874914 76.301
15206.598638 76.543
15427.484948 76.869
15651.579784 77.024
15878.929752 76.655
16109.582134 75.472
16343.584901 73.468
16580.986719 71.018
16821.836962 68.562
17066.185721 66.007
17314.083813 62.858
17565.582796 59.488
17820.734975 57.575
18079.593414 58.358
18342.211951 61.066
18608.645202 63.898
18878.948580 65.905
19153.178301 66.789
19431.391396 66.889
19713.645729 66.595
20000.000000 66.180
