* Measurement data measured by REW V5.31.3
* Source: Headset (2- USB-C to 3.5mm Headphone Jack Adapter), MICROPHONE (Master Volume), L, volume: 0.630
* Format: 64k Log Swept Sine, 1 sweep at -30.0 dBFS with no timing reference
* REW Settings:
*  C-weighting compensation: Off
*  Target level: 75.0 dB
* Note: ; 
* Measurement: 13
* Smoothing: 1/24 octave
* Frequency Step: 1/48 octave
* Start Frequency: 1.000 Hz
*
* Freq(Hz) SPL(dB)

20.000000 91.206
20.290514 91.328
20.585247 91.450
20.884262 91.571
21.187621 91.689
21.495385 91.804
21.807621 91.917
22.124391 92.027
22.445763 92.136
22.771804 92.244
23.102580 92.353
23.438160 92.462
23.778616 92.573
24.124017 92.686
24.474435 92.798
24.829943 92.909
25.190615 93.018
25.556526 93.125
25.927752 93.230
26.304370 93.336
26.686459 93.443
27.074098 93.551
27.467368 93.658
27.866351 93.764
28.271129 93.867
28.681786 93.969
29.098409 94.068
29.521083 94.166
29.949897 94.263
30.384940 94.360
30.826303 94.459
31.274076 94.557
31.728353 94.652
32.189229 94.745
32.656800 94.839
33.131163 94.933
33.612416 95.027
34.100659 95.119
34.595995 95.207
35.098525 95.295
35.608355 95.381
36.125591 95.465
36.650340 95.545
37.182712 95.623
37.722816 95.701
38.270766 95.778
38.826675 95.850
39.390660 95.919
39.962836 95.988
40.543324 96.058
41.132243 96.128
41.729717 96.199
42.335870 96.271
42.950828 96.345
43.574718 96.417
44.207671 96.489
44.849818 96.560
45.501292 96.631
46.162230 96.696
46.832768 96.758
47.513046 96.819
48.203206 96.877
48.903391 96.929
49.613746 96.979
50.334420 97.031
51.065562 97.088
51.807325 97.147
52.559862 97.206
53.323330 97.265
54.097888 97.323
54.883697 97.380
55.680920 97.433
56.489724 97.482
57.310276 97.528
58.142747 97.573
58.987311 97.618
59.844142 97.664
60.713419 97.712
61.595324 97.764
62.490038 97.817
63.397749 97.871
64.318645 97.921
65.252917 97.967
66.200761 98.006
67.162372 98.040
68.137952 98.072
69.127703 98.105
70.131830 98.141
71.150543 98.183
72.184054 98.228
73.232577 98.273
74.296331 98.312
75.375536 98.344
76.470417 98.372
77.581203 98.398
78.708123 98.426
79.851413 98.459
81.011310 98.498
82.188055 98.536
83.381893 98.571
84.593072 98.600
85.821845 98.624
87.068466 98.647
88.333195 98.674
89.616296 98.710
90.918034 98.750
92.238681 98.787
93.578512 98.817
94.937804 98.838
96.316841 98.855
97.715909 98.876
99.135300 98.905
100.575309 98.936
102.036234 98.964
103.518381 98.983
105.022056 98.996
106.547574 99.009
108.095251 99.030
109.665409 99.054
111.258374 99.073
112.874479 99.082
114.514058 99.086
116.177454 99.096
117.865011 99.112
119.577082 99.134
121.314021 99.151
123.076191 99.158
124.863957 99.164
126.677692 99.177
128.517773 99.197
130.384582 99.213
132.278507 99.226
134.199944 99.236
136.149290 99.255
138.126952 99.279
140.133341 99.295
142.168875 99.302
144.233975 99.314
146.329073 99.334
148.454604 99.355
150.611009 99.369
152.798738 99.377
155.018244 99.392
157.269991 99.410
159.554446 99.418
161.872084 99.427
164.223387 99.443
166.608845 99.460
169.028953 99.468
171.484215 99.474
173.975141 99.486
176.502250 99.499
179.066067 99.507
181.667125 99.517
184.305965 99.528
186.983136 99.534
189.699194 99.537
192.454706 99.548
195.250243 99.558
198.086387 99.559
200.963728 99.563
203.882864 99.568
206.844403 99.570
209.848961 99.574
212.897161 99.578
215.989639 99.576
219.127037 99.575
222.310008 99.578
225.539214 99.577
228.815326 99.576
232.139026 99.574
235.511005 99.572
238.931965 99.573
242.402616 99.570
245.923681 99.566
249.495892 99.565
253.119991 99.563
256.796733 99.561
260.526882 99.556
264.311215 99.553
268.150517 99.551
272.045588 99.546
275.997237 99.542
280.006287 99.538
284.073571 99.534
288.199935 99.527
292.386238 99.521
296.633349 99.515
300.942152 99.508
305.313544 99.500
309.748434 99.492
314.247743 99.484
318.812408 99.473
323.443377 99.464
328.141615 99.453
332.908098 99.442
337.743817 99.430
342.649778 99.418
347.627002 99.404
352.676523 99.390
357.799393 99.375
362.996675 99.359
368.269452 99.343
373.618819 99.325
379.045889 99.306
384.551792 99.287
390.137671 99.266
395.804689 99.244
401.554025 99.221
407.386873 99.196
413.304448 99.171
419.307980 99.145
425.398716 99.119
431.577926 99.093
437.846892 99.065
444.206919 99.038
450.659331 99.011
457.205468 98.983
463.846692 98.954
470.584384 98.926
477.419946 98.897
484.354799 98.869
491.390386 98.840
498.528170 98.811
505.769634 98.780
513.116286 98.750
520.569654 98.720
528.131286 98.690
535.802756 98.660
543.585660 98.629
551.481616 98.598
559.492266 98.568
567.619276 98.536
575.864337 98.506
584.229163 98.475
592.715493 98.444
601.325094 98.413
610.059754 98.381
618.921292 98.350
627.911550 98.317
637.032397 98.285
646.285731 98.253
655.673476 98.221
665.197585 98.189
674.860038 98.157
684.662844 98.125
694.608043 98.094
704.697703 98.063
714.933922 98.032
725.318829 98.003
735.854584 97.976
746.543379 97.949
757.387435 97.924
768.389009 97.902
779.550388 97.881
790.873894 97.863
802.361881 97.848
814.016740 97.836
825.840893 97.829
837.836800 97.826
850.006956 97.827
862.353892 97.834
874.880176 97.847
887.588413 97.868
900.481245 97.894
913.561355 97.928
926.831463 97.968
940.294327 98.017
953.952750 98.072
967.809570 98.135
981.867670 98.205
996.129973 98.282
1010.599447 98.366
1025.279099 98.456
1040.171984 98.550
1055.281198 98.648
1070.609883 98.750
1086.161229 98.854
1101.938468 98.959
1117.944883 99.064
1134.183801 99.168
1150.658602 99.271
1167.372710 99.370
1184.329602 99.465
1201.532804 99.557
1218.985895 99.644
1236.692504 99.723
1254.656314 99.798
1272.881060 99.865
1291.370534 99.925
1310.128579 99.981
1329.159099 100.031
1348.466049 100.075
1368.053447 100.114
1387.925364 100.148
1408.085935 100.177
1428.539353 100.205
1449.289870 100.229
1470.341803 100.251
1491.699529 100.272
1513.367491 100.292
1535.350196 100.313
1557.652214 100.334
1580.278184 100.358
1603.232812 100.384
1626.520872 100.412
1650.147207 100.443
1674.116731 100.479
1698.434429 100.519
1723.105358 100.563
1748.134649 100.614
1773.527508 100.670
1799.289215 100.733
1825.425129 100.803
1851.940686 100.880
1878.841399 100.966
1906.132863 101.061
1933.820755 101.165
1961.910832 101.280
1990.408937 101.406
2019.320997 101.544
2048.653024 101.695
2078.411119 101.860
2108.601471 102.039
2139.230358 102.232
2170.304151 102.445
2201.829313 102.672
2233.812399 102.920
2266.260061 103.187
2299.179048 103.475
2332.576206 103.786
2366.458481 104.121
2400.832919 104.476
2435.706669 104.858
2471.086985 105.262
2506.981224 105.689
2543.396851 106.134
2580.341441 106.593
2617.822676 107.058
2655.848352 107.514
2694.426377 107.950
2733.564774 108.333
2773.271684 108.650
2813.555364 108.863
2854.424192 108.974
2895.886667 108.936
2937.951414 108.744
2980.627180 108.428
3023.922841 108.008
3067.847402 107.500
3112.409996 106.928
3157.619894 106.323
3203.486496 105.707
3250.019342 105.094
3297.228109 104.498
3345.122616 103.924
3393.712825 103.375
3443.008839 102.854
3493.020912 102.361
3543.759444 101.896
3595.234989 101.459
3647.458251 101.050
3700.440093 100.669
3754.191532 100.315
3808.723747 99.986
3864.048081 99.677
3920.176038 99.397
3977.119293 99.131
4034.889688 98.892
4093.499237 98.672
4152.960131 98.471
4213.284735 98.290
4274.485595 98.124
4336.575440 97.977
4399.567183 97.849
4463.473924 97.736
4528.308954 97.642
4594.085758 97.568
4660.818016 97.511
4728.519605 97.476
4797.204606 97.463
4866.887304 97.471
4937.582192 97.506
5009.303971 97.568
5082.067559 97.657
5155.888088 97.778
5230.780910 97.931
5306.761603 98.115
5383.845967 98.332
5462.050035 98.579
5541.390071 98.846
5621.882575 99.120
5703.544288 99.386
5786.392194 99.605
5870.443523 99.731
5955.715755 99.724
6042.226625 99.556
6129.994125 99.181
6219.036508 98.600
6309.372294 97.815
6401.020268 96.895
6493.999493 95.873
6588.329304 94.803
6684.029322 93.721
6781.119447 92.653
6879.619874 91.613
6979.551087 90.608
7080.933870 89.653
7183.789308 88.752
7288.138791 87.896
7394.004023 87.069
7501.407020 86.262
7610.370119 85.483
7720.915982 84.740
7833.067600 84.031
7946.848298 83.359
8062.281738 82.723
8179.391929 82.123
8298.203226 81.553
8418.740338 81.017
8541.028336 80.518
8665.092650 80.057
8790.959084 79.629
8918.653815 79.235
9048.203399 78.864
9179.634780 78.524
9312.975293 78.217
9448.252668 77.948
9585.495040 77.725
9724.730952 77.553
9865.989362 77.427
10009.299647 77.348
10154.691613 77.314
10302.195497 77.327
10451.841976 77.403
10603.662174 77.542
10757.687664 77.761
10913.950481 78.069
11072.483123 78.473
11233.318560 78.998
11396.490243 79.640
11562.032107 80.485
11729.978580 81.476
11900.364591 82.821
12073.225577 84.315
12248.597487 86.071
12426.516795 87.794
12607.020503 88.801
12790.146152 88.769
12975.931827 87.218
13164.416166 85.539
13355.638371 83.478
13549.638209 81.638
13746.456029 80.109
13946.132763 78.892
14148.709939 78.001
14354.229688 77.269
14562.734753 76.824
14774.268497 76.583
14988.874914 76.590
15206.598638 76.827
15427.484948 77.148
15651.579784 77.298
15878.929752 76.927
16109.582134 75.742
16343.584901 73.737
16580.986719 71.288
16821.836962 68.835
17066.185721 66.285
17314.083813 63.143
17565.582796 59.781
17820.734975 57.877
18079.593414 58.671
18342.211951 61.389
18608.645202 64.231
18878.948580 66.249
19153.178301 67.141
19431.391396 67.248
19713.645729 66.959
20000.000000 66.547
