* Measurement data measured by REW V5.31.3
* Source: Headset (2- USB-C to 3.5mm Headphone Jack Adapter), MICROPHONE (Master Volume), L, volume: 0.800
* Format: 64k Log Swept Sine, 1 sweep at -35.0 dBFS with no timing reference
* Dated: 06/10/2025 3:18:20 PM
* REW Settings:
*  C-weighting compensation: Off
*  Target level: 75.0 dB
* Note: ; 
* Measurement: 2
* Smoothing: 1/24 octave
* Frequency Step: 1/48 octave
* Start Frequency: 20.300 Hz
*
* Freq(Hz) SPL(dB)
20.299999 84.638
20.600000 84.747
20.900000 84.865
21.200001 84.967
21.400000 85.024
21.799999 85.124
22.000000 85.178
22.400000 85.308
22.700001 85.422
23.000000 85.539
23.299999 85.649
23.600000 85.751
24.000000 85.887
24.299999 86.000
24.700001 86.170
25.000000 86.302
25.400000 86.467
25.799999 86.610
26.200001 86.734
26.500000 86.819
26.900000 86.925
27.200001 86.996
27.600000 87.078
28.000000 87.153
28.500000 87.259
29.000000 87.390
29.500000 87.527
30.000000 87.638
30.400000 87.703
30.700001 87.745
31.100000 87.805
31.500000 87.880
32.000000 87.992
32.500000 88.105
33.000000 88.208
33.500000 88.306
34.000000 88.402
34.500000 88.492
35.000000 88.570
35.500000 88.651
36.000000 88.746
36.500000 88.848
37.000000 88.936
37.500000 89.008
38.200001 89.109
38.700001 89.188
39.500000 89.298
40.000000 89.356
40.599998 89.433
41.200001 89.511
41.799999 89.578
42.500000 89.657
43.099998 89.736
43.700001 89.815
44.400002 89.891
45.000000 89.949
45.500000 90.000
46.200001 90.086
46.799999 90.161
47.500000 90.228
48.200001 90.301
48.700001 90.387
49.400002 90.529
50.000000 90.603
50.799999 90.603
51.500000 90.601
52.200001 90.652
53.000000 90.715
53.799999 90.750
54.500000 90.783
55.200001 90.823
56.000000 90.869
57.000000 90.938
58.000000 91.014
59.000000 91.073
60.000000 91.127
60.799999 91.183
61.500000 91.229
62.200001 91.263
63.000000 91.302
64.000000 91.362
65.000000 91.406
66.000000 91.443
67.000000 91.488
68.000000 91.532
69.000000 91.576
70.000000 91.623
71.000000 91.671
72.000000 91.715
73.000000 91.752
74.000000 91.787
75.000000 91.821
76.199997 91.861
77.500000 91.900
78.800003 91.940
80.000000 91.984
81.199997 92.028
82.500000 92.070
83.800003 92.098
85.000000 92.117
86.199997 92.142
87.500000 92.175
88.500000 92.202
90.000000 92.251
91.199997 92.288
92.500000 92.315
93.800003 92.330
95.000000 92.340
96.199997 92.355
97.500000 92.374
98.800003 92.393
100.000000 92.411
101.500000 92.449
103.000000 92.486
104.400002 92.514
106.000000 92.541
107.500000 92.569
109.000000 92.589
110.599998 92.602
112.000000 92.612
113.800003 92.630
115.000000 92.644
117.199997 92.675
118.000000 92.690
120.599998 92.731
122.000000 92.739
124.099998 92.753
125.000000 92.764
126.500000 92.787
128.000000 92.802
131.500000 92.822
132.000000 92.825
134.000000 92.839
136.000000 92.859
138.000000 92.878
140.000000 92.892
143.000000 92.910
145.000000 92.927
147.500000 92.952
150.000000 92.970
152.500000 92.977
155.000000 92.990
157.500000 93.000
160.000000 93.013
162.500000 93.032
165.000000 93.050
167.500000 93.056
170.000000 93.063
172.500000 93.076
175.000000 93.084
177.500000 93.090
180.000000 93.105
182.500000 93.117
185.000000 93.121
187.500000 93.125
190.000000 93.135
192.500000 93.146
195.000000 93.154
197.500000 93.163
200.000000 93.175
203.000000 93.180
206.000000 93.185
209.000000 93.193
212.000000 93.196
214.000000 93.198
218.000000 93.211
220.000000 93.216
224.000000 93.228
227.000000 93.238
230.000000 93.239
233.000000 93.239
236.000000 93.247
240.000000 93.254
243.000000 93.256
247.000000 93.251
250.000000 93.248
254.000000 93.265
258.000000 93.279
262.000000 93.285
265.000000 93.286
269.000000 93.285
272.000000 93.290
276.000000 93.297
280.000000 93.304
285.000000 93.307
290.000000 93.312
295.000000 93.320
300.000000 93.325
304.000000 93.325
307.000000 93.326
311.000000 93.330
315.000000 93.332
320.000000 93.337
325.000000 93.344
330.000000 93.351
335.000000 93.350
340.000000 93.348
345.000000 93.352
350.000000 93.362
355.000000 93.362
360.000000 93.360
365.000000 93.363
370.000000 93.365
375.000000 93.367
382.000000 93.372
387.000000 93.373
395.000000 93.375
400.000000 93.379
406.000000 93.382
412.000000 93.384
418.000000 93.384
425.000000 93.386
431.000000 93.389
437.000000 93.390
444.000000 93.391
450.000000 93.393
455.000000 93.397
462.000000 93.400
468.000000 93.402
475.000000 93.405
482.000000 93.409
487.000000 93.411
494.000000 93.412
500.000000 93.413
508.000000 93.419
515.000000 93.424
522.000000 93.429
530.000000 93.433
538.000000 93.436
545.000000 93.440
552.000000 93.444
560.000000 93.447
570.000000 93.454
580.000000 93.460
590.000000 93.470
600.000000 93.479
608.000000 93.485
615.000000 93.493
622.000000 93.503
630.000000 93.513
640.000000 93.529
650.000000 93.545
660.000000 93.563
670.000000 93.581
680.000000 93.598
690.000000 93.615
700.000000 93.637
710.000000 93.660
720.000000 93.684
730.000000 93.712
740.000000 93.741
750.000000 93.773
762.000000 93.812
775.000000 93.860
788.000000 93.913
800.000000 93.967
812.000000 94.025
825.000000 94.093
838.000000 94.167
850.000000 94.239
862.000000 94.320
875.000000 94.412
885.000000 94.485
900.000000 94.600
912.000000 94.701
925.000000 94.818
938.000000 94.939
950.000000 95.056
962.000000 95.177
975.000000 95.311
988.000000 95.451
1000.000000 95.585
1015.000000 95.759
1030.000000 95.934
1044.000000 96.102
1060.000000 96.295
1075.000000 96.478
1090.000000 96.662
1106.000000 96.857
1120.000000 97.023
1138.000000 97.232
1150.000000 97.371
1172.000000 97.622
1180.000000 97.710
1206.000000 97.982
1220.000000 98.122
1241.000000 98.322
1250.000000 98.406
1265.000000 98.541
1280.000000 98.670
1315.000000 98.950
1320.000000 98.989
1340.000000 99.137
1360.000000 99.278
1380.000000 99.412
1400.000000 99.540
1430.000000 99.731
1450.000000 99.852
1475.000000 100.000
1500.000000 100.144
1525.000000 100.288
1550.000000 100.434
1575.000000 100.580
1600.000000 100.727
1625.000000 100.878
1650.000000 101.030
1675.000000 101.185
1700.000000 101.346
1725.000000 101.511
1750.000000 101.683
1775.000000 101.861
1800.000000 102.045
1825.000000 102.234
1850.000000 102.430
1875.000000 102.632
1900.000000 102.842
1925.000000 103.059
1950.000000 103.284
1975.000000 103.517
2000.000000 103.758
2030.000000 104.062
2060.000000 104.378
2090.000000 104.709
2120.000000 105.054
2140.000000 105.291
2180.000000 105.783
2200.000000 106.040
2240.000000 106.573
2270.000000 106.987
2300.000000 107.416
2330.000000 107.857
2360.000000 108.304
2400.000000 108.907
2430.000000 109.358
2470.000000 109.941
2500.000000 110.354
2540.000000 110.852
2580.000000 111.263
2620.000000 111.560
2650.000000 111.692
2690.000000 111.741
2720.000000 111.681
2760.000000 111.481
2800.000000 111.161
2850.000000 110.639
2900.000000 110.031
2950.000000 109.381
3000.000000 108.723
3040.000000 108.209
3070.000000 107.836
3110.000000 107.358
3150.000000 106.905
3200.000000 106.376
3250.000000 105.890
3300.000000 105.446
3350.000000 105.043
3400.000000 104.673
3450.000000 104.338
3500.000000 104.033
3550.000000 103.757
3600.000000 103.508
3650.000000 103.282
3700.000000 103.077
3750.000000 102.892
3820.000000 102.665
3870.000000 102.525
3950.000000 102.330
4000.000000 102.228
4060.000000 102.125
4120.000000 102.044
4180.000000 101.976
4250.000000 101.912
4310.000000 101.874
4370.000000 101.854
4440.000000 101.853
4500.000000 101.866
4550.000000 101.885
4620.000000 101.921
4680.000000 101.962
4750.000000 102.029
4820.000000 102.117
4870.000000 102.192
4940.000000 102.314
5000.000000 102.435
5080.000000 102.621
5150.000000 102.806
5220.000000 103.012
5300.000000 103.272
5380.000000 103.562
5450.000000 103.835
5520.000000 104.122
5600.000000 104.458
5700.000000 104.869
5800.000000 105.221
5900.000000 105.455
6000.000000 105.501
6080.000000 105.368
6150.000000 105.120
6220.000000 104.753
6300.000000 104.201
6400.000000 103.359
6500.000000 102.405
6600.000000 101.393
6700.000000 100.369
6800.000000 99.360
6900.000000 98.395
7000.000000 97.503
7100.000000 96.669
7200.000000 95.868
7300.000000 95.101
7400.000000 94.373
7500.000000 93.687
7620.000000 92.922
7750.000000 92.162
7880.000000 91.464
8000.000000 90.874
8120.000000 90.334
8250.000000 89.799
8380.000000 89.299
8500.000000 88.862
8620.000000 88.447
8750.000000 88.026
8850.000000 87.728
9000.000000 87.332
9120.000000 87.058
9250.000000 86.795
9380.000000 86.567
9500.000000 86.391
9620.000000 86.257
9750.000000 86.158
9880.000000 86.094
10000.000000 86.062
10150.000000 86.063
10300.000000 86.119
10440.000000 86.222
10600.000000 86.409
10750.000000 86.664
10900.000000 87.002
11060.000000 87.461
11200.000000 87.956
11380.000000 88.735
11500.000000 89.356
11720.000000 90.754
11800.000000 91.360
12060.000000 93.737
12200.000000 95.219
12410.000000 97.311
12500.000000 97.959
12650.000000 98.436
12800.000000 98.038
13150.000000 94.781
13200.000000 94.230
13400.000000 92.149
13600.000000 90.405
13800.000000 89.023
14000.000000 87.960
14300.000000 86.872
14500.000000 86.424
14750.000000 86.170
15000.000000 86.268
15250.000000 86.653
15500.000000 87.081
15750.000000 87.051
16000.000000 85.968
16250.000000 83.596
16500.000000 80.222
16750.000000 76.944
17000.000000 76.499
17250.000000 77.758
17500.000000 77.566
17750.000000 75.727
18000.000000 72.863
18250.000000 69.261
18500.000000 65.882
18750.000000 67.977
19000.000000 72.334
19250.000000 75.223
19500.000000 76.512
19750.000000 76.563
20000.000000 76.153
