* Measurement data measured by REW V5.31.3
* Source: Headset (2- USB-C to 3.5mm Headphone Jack Adapter), MICROPHONE (Master Volume), L, volume: 0.800
* Format: 64k Log Swept Sine, 1 sweep at -35.0 dBFS with no timing reference
* Dated: 06/10/2025 3:20:04 PM
* REW Settings:
*  C-weighting compensation: Off
*  Target level: 75.0 dB
* Note: ; 
* Measurement: 4
* Smoothing: 1/24 octave
* Frequency Step: 1/48 octave
* Start Frequency: 20.300 Hz
*
* Freq(Hz) SPL(dB)
20.299999 84.302
20.600000 84.320
20.900000 84.326
21.200001 84.317
21.400000 84.310
21.799999 84.320
22.000000 84.348
22.400000 84.464
22.700001 84.599
23.000000 84.761
23.299999 84.934
23.600000 85.110
24.000000 85.342
24.299999 85.518
24.700001 85.760
25.000000 85.946
25.400000 86.185
25.799999 86.395
26.200001 86.561
26.500000 86.658
26.900000 86.755
27.200001 86.809
27.600000 86.864
28.000000 86.903
28.500000 86.942
29.000000 86.983
29.500000 87.032
30.000000 87.080
30.400000 87.123
30.700001 87.165
31.100000 87.245
31.500000 87.352
32.000000 87.499
32.500000 87.632
33.000000 87.747
33.500000 87.866
34.000000 87.996
34.500000 88.122
35.000000 88.226
35.500000 88.314
36.000000 88.397
36.500000 88.472
37.000000 88.525
37.500000 88.561
38.200001 88.624
38.700001 88.685
39.500000 88.778
40.000000 88.831
40.599998 88.911
41.200001 89.005
41.799999 89.088
42.500000 89.170
43.099998 89.249
43.700001 89.333
44.400002 89.413
45.000000 89.462
45.500000 89.507
46.200001 89.590
46.799999 89.659
47.500000 89.725
48.200001 89.822
48.700001 89.915
49.400002 90.019
50.000000 90.037
50.799999 90.018
51.500000 90.049
52.200001 90.115
53.000000 90.179
53.799999 90.235
54.500000 90.278
55.200001 90.317
56.000000 90.375
57.000000 90.453
58.000000 90.514
59.000000 90.575
60.000000 90.628
60.799999 90.667
61.500000 90.705
62.200001 90.742
63.000000 90.779
64.000000 90.826
65.000000 90.869
66.000000 90.913
67.000000 90.959
68.000000 90.996
69.000000 91.028
70.000000 91.068
71.000000 91.113
72.000000 91.160
73.000000 91.202
74.000000 91.241
75.000000 91.280
76.199997 91.319
77.500000 91.350
78.800003 91.385
80.000000 91.421
81.199997 91.457
82.500000 91.495
83.800003 91.524
85.000000 91.548
86.199997 91.576
87.500000 91.610
88.500000 91.637
90.000000 91.679
91.199997 91.708
92.500000 91.735
93.800003 91.758
95.000000 91.776
96.199997 91.790
97.500000 91.807
98.800003 91.826
100.000000 91.857
101.500000 91.895
103.000000 91.913
104.400002 91.933
106.000000 91.964
107.500000 91.994
109.000000 92.016
110.599998 92.030
112.000000 92.036
113.800003 92.053
115.000000 92.069
117.199997 92.107
118.000000 92.121
120.599998 92.146
122.000000 92.153
124.099998 92.170
125.000000 92.180
126.500000 92.197
128.000000 92.212
131.500000 92.242
132.000000 92.246
134.000000 92.265
136.000000 92.286
138.000000 92.299
140.000000 92.302
143.000000 92.321
145.000000 92.338
147.500000 92.346
150.000000 92.348
152.500000 92.374
155.000000 92.398
157.500000 92.410
160.000000 92.422
162.500000 92.443
165.000000 92.457
167.500000 92.460
170.000000 92.466
172.500000 92.479
175.000000 92.494
177.500000 92.507
180.000000 92.516
182.500000 92.523
185.000000 92.527
187.500000 92.531
190.000000 92.541
192.500000 92.551
195.000000 92.555
197.500000 92.560
200.000000 92.567
203.000000 92.578
206.000000 92.589
209.000000 92.598
212.000000 92.601
214.000000 92.602
218.000000 92.613
220.000000 92.621
224.000000 92.630
227.000000 92.634
230.000000 92.640
233.000000 92.647
236.000000 92.655
240.000000 92.657
243.000000 92.660
247.000000 92.680
250.000000 92.689
254.000000 92.682
258.000000 92.674
262.000000 92.680
265.000000 92.686
269.000000 92.687
272.000000 92.690
276.000000 92.698
280.000000 92.705
285.000000 92.710
290.000000 92.716
295.000000 92.720
300.000000 92.724
304.000000 92.729
307.000000 92.733
311.000000 92.736
315.000000 92.736
320.000000 92.743
325.000000 92.746
330.000000 92.744
335.000000 92.746
340.000000 92.752
345.000000 92.757
350.000000 92.763
355.000000 92.762
360.000000 92.763
365.000000 92.765
370.000000 92.765
375.000000 92.768
382.000000 92.776
387.000000 92.776
395.000000 92.780
400.000000 92.781
406.000000 92.780
412.000000 92.783
418.000000 92.786
425.000000 92.787
431.000000 92.791
437.000000 92.795
444.000000 92.795
450.000000 92.799
455.000000 92.802
462.000000 92.802
468.000000 92.805
475.000000 92.809
482.000000 92.812
487.000000 92.814
494.000000 92.816
500.000000 92.819
508.000000 92.828
515.000000 92.833
522.000000 92.836
530.000000 92.838
538.000000 92.842
545.000000 92.845
552.000000 92.849
560.000000 92.857
570.000000 92.864
580.000000 92.873
590.000000 92.884
600.000000 92.895
608.000000 92.905
615.000000 92.914
622.000000 92.922
630.000000 92.931
640.000000 92.943
650.000000 92.960
660.000000 92.976
670.000000 92.995
680.000000 93.015
690.000000 93.034
700.000000 93.055
710.000000 93.078
720.000000 93.102
730.000000 93.129
740.000000 93.162
750.000000 93.196
762.000000 93.237
775.000000 93.285
788.000000 93.339
800.000000 93.393
812.000000 93.453
825.000000 93.522
838.000000 93.595
850.000000 93.669
862.000000 93.748
875.000000 93.839
885.000000 93.913
900.000000 94.031
912.000000 94.132
925.000000 94.249
938.000000 94.372
950.000000 94.489
962.000000 94.612
975.000000 94.749
988.000000 94.890
1000.000000 95.027
1015.000000 95.199
1030.000000 95.374
1044.000000 95.544
1060.000000 95.741
1075.000000 95.923
1090.000000 96.107
1106.000000 96.303
1120.000000 96.471
1138.000000 96.683
1150.000000 96.822
1172.000000 97.070
1180.000000 97.158
1206.000000 97.438
1220.000000 97.580
1241.000000 97.784
1250.000000 97.867
1265.000000 98.002
1280.000000 98.132
1315.000000 98.419
1320.000000 98.458
1340.000000 98.608
1360.000000 98.750
1380.000000 98.887
1400.000000 99.019
1430.000000 99.211
1450.000000 99.334
1475.000000 99.488
1500.000000 99.637
1525.000000 99.785
1550.000000 99.935
1575.000000 100.084
1600.000000 100.234
1625.000000 100.390
1650.000000 100.547
1675.000000 100.710
1700.000000 100.876
1725.000000 101.047
1750.000000 101.223
1775.000000 101.406
1800.000000 101.596
1825.000000 101.794
1850.000000 101.997
1875.000000 102.206
1900.000000 102.423
1925.000000 102.648
1950.000000 102.881
1975.000000 103.123
2000.000000 103.372
2030.000000 103.685
2060.000000 104.014
2090.000000 104.355
2120.000000 104.708
2140.000000 104.952
2180.000000 105.461
2200.000000 105.723
2240.000000 106.268
2270.000000 106.691
2300.000000 107.125
2330.000000 107.566
2360.000000 108.011
2400.000000 108.601
2430.000000 109.032
2470.000000 109.573
2500.000000 109.942
2540.000000 110.360
2580.000000 110.668
2620.000000 110.845
2650.000000 110.882
2690.000000 110.804
2720.000000 110.657
2760.000000 110.356
2800.000000 109.958
2850.000000 109.370
2900.000000 108.730
2950.000000 108.072
3000.000000 107.421
3040.000000 106.920
3070.000000 106.558
3110.000000 106.098
3150.000000 105.665
3200.000000 105.160
3250.000000 104.696
3300.000000 104.273
3350.000000 103.889
3400.000000 103.539
3450.000000 103.221
3500.000000 102.933
3550.000000 102.672
3600.000000 102.435
3650.000000 102.221
3700.000000 102.028
3750.000000 101.854
3820.000000 101.641
3870.000000 101.509
3950.000000 101.329
4000.000000 101.235
4060.000000 101.138
4120.000000 101.059
4180.000000 100.996
4250.000000 100.941
4310.000000 100.911
4370.000000 100.893
4440.000000 100.888
4500.000000 100.898
4550.000000 100.915
4620.000000 100.955
4680.000000 101.002
4750.000000 101.075
4820.000000 101.168
4870.000000 101.244
4940.000000 101.367
5000.000000 101.489
5080.000000 101.677
5150.000000 101.863
5220.000000 102.070
5300.000000 102.334
5380.000000 102.625
5450.000000 102.899
5520.000000 103.184
5600.000000 103.513
5700.000000 103.908
5800.000000 104.248
5900.000000 104.472
6000.000000 104.515
6080.000000 104.384
6150.000000 104.137
6220.000000 103.769
6300.000000 103.218
6400.000000 102.381
6500.000000 101.432
6600.000000 100.427
6700.000000 99.406
6800.000000 98.399
6900.000000 97.427
7000.000000 96.517
7100.000000 95.679
7200.000000 94.898
7300.000000 94.174
7400.000000 93.495
7500.000000 92.843
7620.000000 92.093
7750.000000 91.339
7880.000000 90.632
8000.000000 90.016
8120.000000 89.434
8250.000000 88.846
8380.000000 88.303
8500.000000 87.835
8620.000000 87.408
8750.000000 86.994
8850.000000 86.718
9000.000000 86.360
9120.000000 86.103
9250.000000 85.847
9380.000000 85.618
9500.000000 85.438
9620.000000 85.292
9750.000000 85.175
9880.000000 85.100
10000.000000 85.065
10150.000000 85.063
10300.000000 85.108
10440.000000 85.198
10600.000000 85.362
10750.000000 85.590
10900.000000 85.906
11060.000000 86.347
11200.000000 86.827
11380.000000 87.591
11500.000000 88.205
11720.000000 89.590
11800.000000 90.192
12060.000000 92.554
12200.000000 94.029
12410.000000 96.108
12500.000000 96.753
12650.000000 97.229
12800.000000 96.833
13150.000000 93.556
13200.000000 92.998
13400.000000 90.885
13600.000000 89.103
13800.000000 87.681
14000.000000 86.578
14300.000000 85.420
14500.000000 84.906
14750.000000 84.558
15000.000000 84.547
15250.000000 84.835
15500.000000 85.273
15750.000000 85.496
16000.000000 84.967
16250.000000 83.329
16500.000000 80.661
16750.000000 77.309
17000.000000 73.517
17250.000000 69.189
17500.000000 64.049
17750.000000 61.470
18000.000000 65.854
18250.000000 70.534
18500.000000 74.311
18750.000000 77.144
19000.000000 78.883
19250.000000 79.523
19500.000000 79.184
19750.000000 78.106
20000.000000 77.121
