* Measurement data measured by REW V5.31.3
* Source: Headset (2- USB-C to 3.5mm Headphone Jack Adapter), MICROPHONE (Master Volume), L, volume: 0.800
* Format: 64k Log Swept Sine, 1 sweep at -35.0 dBFS with no timing reference
* Dated: 06/10/2025 3:21:12 PM
* REW Settings:
*  C-weighting compensation: Off
*  Target level: 75.0 dB
* Note: ; 
* Measurement: 5
* Smoothing: 1/24 octave
* Frequency Step: 1/48 octave
* Start Frequency: 20.300 Hz
*
* Freq(Hz) SPL(dB)
20.299999 84.405
20.600000 84.349
20.900000 84.286
21.200001 84.234
21.400000 84.213
21.799999 84.218
22.000000 84.248
22.400000 84.356
22.700001 84.471
23.000000 84.606
23.299999 84.762
23.600000 84.940
24.000000 85.211
24.299999 85.431
24.700001 85.718
25.000000 85.910
25.400000 86.124
25.799999 86.300
26.200001 86.457
26.500000 86.571
26.900000 86.710
27.200001 86.796
27.600000 86.877
28.000000 86.926
28.500000 86.969
29.000000 87.015
29.500000 87.061
30.000000 87.096
30.400000 87.124
30.700001 87.156
31.100000 87.220
31.500000 87.308
32.000000 87.431
32.500000 87.546
33.000000 87.655
33.500000 87.780
34.000000 87.926
34.500000 88.070
35.000000 88.187
35.500000 88.279
36.000000 88.361
36.500000 88.438
37.000000 88.501
37.500000 88.551
38.200001 88.625
38.700001 88.687
39.500000 88.769
40.000000 88.814
40.599998 88.887
41.200001 88.978
41.799999 89.065
42.500000 89.166
43.099998 89.261
43.700001 89.345
44.400002 89.411
45.000000 89.466
45.500000 89.525
46.200001 89.606
46.799999 89.657
47.500000 89.707
48.200001 89.753
48.700001 89.778
49.400002 89.827
50.000000 89.913
50.799999 90.047
51.500000 90.105
52.200001 90.120
53.000000 90.162
53.799999 90.231
54.500000 90.285
55.200001 90.337
56.000000 90.399
57.000000 90.469
58.000000 90.544
59.000000 90.614
60.000000 90.659
60.799999 90.699
61.500000 90.740
62.200001 90.778
63.000000 90.822
64.000000 90.879
65.000000 90.927
66.000000 90.977
67.000000 91.024
68.000000 91.068
69.000000 91.114
70.000000 91.154
71.000000 91.195
72.000000 91.233
73.000000 91.269
74.000000 91.308
75.000000 91.344
76.199997 91.387
77.500000 91.422
78.800003 91.459
80.000000 91.504
81.199997 91.550
82.500000 91.594
83.800003 91.625
85.000000 91.649
86.199997 91.676
87.500000 91.711
88.500000 91.742
90.000000 91.786
91.199997 91.816
92.500000 91.840
93.800003 91.860
95.000000 91.885
96.199997 91.911
97.500000 91.938
98.800003 91.968
100.000000 91.999
101.500000 92.021
103.000000 92.034
104.400002 92.052
106.000000 92.084
107.500000 92.115
109.000000 92.140
110.599998 92.159
112.000000 92.170
113.800003 92.180
115.000000 92.193
117.199997 92.232
118.000000 92.245
120.599998 92.273
122.000000 92.285
124.099998 92.307
125.000000 92.318
126.500000 92.335
128.000000 92.352
131.500000 92.379
132.000000 92.382
134.000000 92.397
136.000000 92.424
138.000000 92.448
140.000000 92.460
143.000000 92.474
145.000000 92.489
147.500000 92.510
150.000000 92.528
152.500000 92.544
155.000000 92.564
157.500000 92.573
160.000000 92.585
162.500000 92.606
165.000000 92.621
167.500000 92.627
170.000000 92.636
172.500000 92.648
175.000000 92.657
177.500000 92.666
180.000000 92.680
182.500000 92.693
185.000000 92.696
187.500000 92.698
190.000000 92.709
192.500000 92.720
195.000000 92.724
197.500000 92.725
200.000000 92.730
203.000000 92.745
206.000000 92.761
209.000000 92.777
212.000000 92.779
214.000000 92.779
218.000000 92.789
220.000000 92.793
224.000000 92.802
227.000000 92.810
230.000000 92.815
233.000000 92.816
236.000000 92.822
240.000000 92.832
243.000000 92.837
247.000000 92.848
250.000000 92.853
254.000000 92.857
258.000000 92.859
262.000000 92.864
265.000000 92.870
269.000000 92.874
272.000000 92.878
276.000000 92.881
280.000000 92.887
285.000000 92.893
290.000000 92.892
295.000000 92.900
300.000000 92.903
304.000000 92.903
307.000000 92.905
311.000000 92.909
315.000000 92.913
320.000000 92.918
325.000000 92.921
330.000000 92.927
335.000000 92.929
340.000000 92.931
345.000000 92.932
350.000000 92.935
355.000000 92.938
360.000000 92.935
365.000000 92.936
370.000000 92.941
375.000000 92.946
382.000000 92.953
387.000000 92.954
395.000000 92.952
400.000000 92.952
406.000000 92.956
412.000000 92.961
418.000000 92.965
425.000000 92.969
431.000000 92.972
437.000000 92.972
444.000000 92.972
450.000000 92.975
455.000000 92.979
462.000000 92.982
468.000000 92.985
475.000000 92.987
482.000000 92.987
487.000000 92.989
494.000000 92.992
500.000000 92.995
508.000000 92.999
515.000000 93.003
522.000000 93.005
530.000000 93.007
538.000000 93.011
545.000000 93.016
552.000000 93.023
560.000000 93.030
570.000000 93.037
580.000000 93.046
590.000000 93.054
600.000000 93.063
608.000000 93.072
615.000000 93.080
622.000000 93.088
630.000000 93.096
640.000000 93.109
650.000000 93.124
660.000000 93.141
670.000000 93.157
680.000000 93.176
690.000000 93.196
700.000000 93.217
710.000000 93.241
720.000000 93.267
730.000000 93.290
740.000000 93.320
750.000000 93.354
762.000000 93.394
775.000000 93.442
788.000000 93.496
800.000000 93.551
812.000000 93.609
825.000000 93.677
838.000000 93.751
850.000000 93.827
862.000000 93.906
875.000000 93.997
885.000000 94.070
900.000000 94.186
912.000000 94.286
925.000000 94.399
938.000000 94.520
950.000000 94.638
962.000000 94.759
975.000000 94.897
988.000000 95.043
1000.000000 95.179
1015.000000 95.350
1030.000000 95.526
1044.000000 95.693
1060.000000 95.885
1075.000000 96.067
1090.000000 96.251
1106.000000 96.447
1120.000000 96.615
1138.000000 96.827
1150.000000 96.965
1172.000000 97.211
1180.000000 97.297
1206.000000 97.574
1220.000000 97.718
1241.000000 97.918
1250.000000 98.000
1265.000000 98.134
1280.000000 98.263
1315.000000 98.545
1320.000000 98.583
1340.000000 98.734
1360.000000 98.878
1380.000000 99.014
1400.000000 99.142
1430.000000 99.332
1450.000000 99.455
1475.000000 99.607
1500.000000 99.756
1525.000000 99.902
1550.000000 100.046
1575.000000 100.192
1600.000000 100.341
1625.000000 100.494
1650.000000 100.650
1675.000000 100.808
1700.000000 100.972
1725.000000 101.142
1750.000000 101.314
1775.000000 101.491
1800.000000 101.677
1825.000000 101.869
1850.000000 102.067
1875.000000 102.272
1900.000000 102.483
1925.000000 102.703
1950.000000 102.931
1975.000000 103.165
2000.000000 103.407
2030.000000 103.712
2060.000000 104.028
2090.000000 104.356
2120.000000 104.698
2140.000000 104.934
2180.000000 105.420
2200.000000 105.672
2240.000000 106.190
2270.000000 106.590
2300.000000 106.999
2330.000000 107.413
2360.000000 107.829
2400.000000 108.378
2430.000000 108.778
2470.000000 109.276
2500.000000 109.610
2540.000000 109.991
2580.000000 110.275
2620.000000 110.442
2650.000000 110.485
2690.000000 110.431
2720.000000 110.309
2760.000000 110.051
2800.000000 109.705
2850.000000 109.183
2900.000000 108.602
2950.000000 107.995
3000.000000 107.387
3040.000000 106.914
3070.000000 106.572
3110.000000 106.134
3150.000000 105.718
3200.000000 105.230
3250.000000 104.777
3300.000000 104.360
3350.000000 103.977
3400.000000 103.623
3450.000000 103.300
3500.000000 103.009
3550.000000 102.745
3600.000000 102.504
3650.000000 102.290
3700.000000 102.099
3750.000000 101.924
3820.000000 101.710
3870.000000 101.577
3950.000000 101.399
4000.000000 101.306
4060.000000 101.210
4120.000000 101.131
4180.000000 101.067
4250.000000 101.012
4310.000000 100.980
4370.000000 100.959
4440.000000 100.946
4500.000000 100.949
4550.000000 100.961
4620.000000 100.993
4680.000000 101.034
4750.000000 101.100
4820.000000 101.187
4870.000000 101.260
4940.000000 101.380
5000.000000 101.495
5080.000000 101.670
5150.000000 101.847
5220.000000 102.046
5300.000000 102.298
5380.000000 102.576
5450.000000 102.839
5520.000000 103.117
5600.000000 103.443
5700.000000 103.845
5800.000000 104.204
5900.000000 104.464
6000.000000 104.560
6080.000000 104.483
6150.000000 104.288
6220.000000 103.976
6300.000000 103.487
6400.000000 102.713
6500.000000 101.811
6600.000000 100.837
6700.000000 99.834
6800.000000 98.834
6900.000000 97.863
7000.000000 96.946
7100.000000 96.095
7200.000000 95.306
7300.000000 94.558
7400.000000 93.843
7500.000000 93.164
7620.000000 92.405
7750.000000 91.641
7880.000000 90.930
8000.000000 90.314
8120.000000 89.739
8250.000000 89.161
8380.000000 88.623
8500.000000 88.160
8620.000000 87.729
8750.000000 87.315
8850.000000 87.033
9000.000000 86.651
9120.000000 86.377
9250.000000 86.106
9380.000000 85.863
9500.000000 85.667
9620.000000 85.507
9750.000000 85.386
9880.000000 85.317
10000.000000 85.287
10150.000000 85.298
10300.000000 85.358
10440.000000 85.461
10600.000000 85.644
10750.000000 85.884
10900.000000 86.196
11060.000000 86.629
11200.000000 87.104
11380.000000 87.856
11500.000000 88.461
11720.000000 89.837
11800.000000 90.436
12060.000000 92.783
12200.000000 94.245
12410.000000 96.310
12500.000000 96.951
12650.000000 97.424
12800.000000 97.027
13150.000000 93.745
13200.000000 93.185
13400.000000 91.058
13600.000000 89.264
13800.000000 87.824
14000.000000 86.701
14300.000000 85.508
14500.000000 84.958
14750.000000 84.565
15000.000000 84.501
15250.000000 84.736
15500.000000 85.191
15750.000000 85.603
16000.000000 85.513
16250.000000 84.493
16500.000000 82.478
16750.000000 79.769
17000.000000 76.732
17250.000000 73.540
17500.000000 70.122
17750.000000 66.250
18000.000000 62.025
18250.000000 62.006
18500.000000 66.929
18750.000000 71.229
19000.000000 74.316
19250.000000 76.120
19500.000000 76.618
19750.000000 76.051
20000.000000 75.284
