* Measurement data measured by REW V5.31.3
* Source: Headset (2- USB-C to 3.5mm Headphone Jack Adapter), MICROPHONE (Master Volume), L, volume: 0.630
* Format: 64k Log Swept Sine, 1 sweep at -30.0 dBFS with no timing reference
* REW Settings:
*  C-weighting compensation: Off
*  Target level: 75.0 dB
* Note: ; 
* Measurement: 9
* Smoothing: 1/24 octave
* Frequency Step: 1/48 octave
* Start Frequency: 1.000 Hz
*
* Freq(Hz) SPL(dB)

20.000000 90.849
20.290514 90.968
20.585247 91.087
20.884262 91.206
21.187621 91.324
21.495385 91.439
21.807621 91.552
22.124391 91.663
22.445763 91.773
22.771804 91.883
23.102580 91.994
23.438160 92.106
23.778616 92.220
24.124017 92.335
24.474435 92.450
24.829943 92.564
25.190615 92.676
25.556526 92.785
25.927752 92.893
26.304370 93.000
26.686459 93.109
27.074098 93.217
27.467368 93.323
27.866351 93.428
28.271129 93.529
28.681786 93.628
29.098409 93.723
29.521083 93.816
29.949897 93.906
30.384940 93.996
30.826303 94.087
31.274076 94.177
31.728353 94.264
32.189229 94.348
32.656800 94.433
33.131163 94.519
33.612416 94.604
34.100659 94.688
34.595995 94.769
35.098525 94.849
35.608355 94.929
36.125591 95.007
36.650340 95.081
37.182712 95.154
37.722816 95.226
38.270766 95.298
38.826675 95.365
39.390660 95.428
39.962836 95.493
40.543324 95.558
41.132243 95.623
41.729717 95.689
42.335870 95.757
42.950828 95.827
43.574718 95.896
44.207671 95.964
44.849818 96.033
45.501292 96.101
46.162230 96.164
46.832768 96.225
47.513046 96.284
48.203206 96.340
48.903391 96.391
49.613746 96.438
50.334420 96.488
51.065562 96.541
51.807325 96.597
52.559862 96.652
53.323330 96.706
54.097888 96.760
54.883697 96.811
55.680920 96.858
56.489724 96.901
57.310276 96.941
58.142747 96.981
58.987311 97.020
59.844142 97.062
60.713419 97.107
61.595324 97.156
62.490038 97.208
63.397749 97.262
64.318645 97.314
65.252917 97.362
66.200761 97.405
67.162372 97.444
68.137952 97.483
69.127703 97.523
70.131830 97.567
71.150543 97.618
72.184054 97.671
73.232577 97.723
74.296331 97.770
75.375536 97.810
76.470417 97.845
77.581203 97.876
78.708123 97.909
79.851413 97.945
81.011310 97.984
82.188055 98.023
83.381893 98.056
84.593072 98.081
85.821845 98.100
87.068466 98.116
88.333195 98.135
89.616296 98.162
90.918034 98.191
92.238681 98.217
93.578512 98.235
94.937804 98.244
96.316841 98.250
97.715909 98.260
99.135300 98.279
100.575309 98.302
102.036234 98.323
103.518381 98.336
105.022056 98.346
106.547574 98.358
108.095251 98.379
109.665409 98.406
111.258374 98.430
112.874479 98.444
114.514058 98.454
116.177454 98.471
117.865011 98.495
119.577082 98.523
121.314021 98.547
123.076191 98.559
124.863957 98.569
126.677692 98.587
128.517773 98.608
130.384582 98.625
132.278507 98.637
134.199944 98.645
136.149290 98.662
138.126952 98.684
140.133341 98.696
142.168875 98.699
144.233975 98.707
146.329073 98.724
148.454604 98.741
150.611009 98.751
152.798738 98.757
155.018244 98.770
157.269991 98.786
159.554446 98.792
161.872084 98.799
164.223387 98.814
166.608845 98.830
169.028953 98.837
171.484215 98.841
173.975141 98.852
176.502250 98.862
179.066067 98.869
181.667125 98.876
184.305965 98.885
186.983136 98.888
189.699194 98.889
192.454706 98.897
195.250243 98.904
198.086387 98.903
200.963728 98.904
203.882864 98.908
206.844403 98.909
209.848961 98.911
212.897161 98.914
215.989639 98.911
219.127037 98.910
222.310008 98.913
225.539214 98.912
228.815326 98.910
232.139026 98.908
235.511005 98.905
238.931965 98.904
242.402616 98.900
245.923681 98.895
249.495892 98.892
253.119991 98.888
256.796733 98.883
260.526882 98.876
264.311215 98.870
268.150517 98.866
272.045588 98.859
275.997237 98.853
280.006287 98.847
284.073571 98.841
288.199935 98.833
292.386238 98.827
296.633349 98.821
300.942152 98.814
305.313544 98.806
309.748434 98.799
314.247743 98.792
318.812408 98.782
323.443377 98.774
328.141615 98.764
332.908098 98.753
337.743817 98.741
342.649778 98.729
347.627002 98.715
352.676523 98.700
357.799393 98.686
362.996675 98.669
368.269452 98.654
373.618819 98.637
379.045889 98.619
384.551792 98.602
390.137671 98.583
395.804689 98.565
401.554025 98.547
407.386873 98.527
413.304448 98.508
419.307980 98.488
425.398716 98.469
431.577926 98.449
437.846892 98.428
444.206919 98.407
450.659331 98.385
457.205468 98.362
463.846692 98.337
470.584384 98.312
477.419946 98.285
484.354799 98.258
491.390386 98.229
498.528170 98.199
505.769634 98.167
513.116286 98.134
520.569654 98.101
528.131286 98.067
535.802756 98.033
543.585660 97.998
551.481616 97.963
559.492266 97.928
567.619276 97.893
575.864337 97.859
584.229163 97.825
592.715493 97.791
601.325094 97.758
610.059754 97.724
618.921292 97.691
627.911550 97.658
637.032397 97.626
646.285731 97.594
655.673476 97.562
665.197585 97.531
674.860038 97.501
684.662844 97.471
694.608043 97.442
704.697703 97.414
714.933922 97.388
725.318829 97.365
735.854584 97.344
746.543379 97.325
757.387435 97.310
768.389009 97.297
779.550388 97.288
790.873894 97.282
802.361881 97.280
814.016740 97.283
825.840893 97.289
837.836800 97.300
850.006956 97.315
862.353892 97.335
874.880176 97.361
887.588413 97.392
900.481245 97.428
913.561355 97.470
926.831463 97.518
940.294327 97.573
953.952750 97.633
967.809570 97.700
981.867670 97.773
996.129973 97.852
1010.599447 97.938
1025.279099 98.029
1040.171984 98.123
1055.281198 98.222
1070.609883 98.324
1086.161229 98.428
1101.938468 98.532
1117.944883 98.637
1134.183801 98.741
1150.658602 98.843
1167.372710 98.941
1184.329602 99.035
1201.532804 99.125
1218.985895 99.211
1236.692504 99.289
1254.656314 99.361
1272.881060 99.427
1291.370534 99.485
1310.128579 99.540
1329.159099 99.588
1348.466049 99.630
1368.053447 99.668
1387.925364 99.701
1408.085935 99.730
1428.539353 99.757
1449.289870 99.782
1470.341803 99.806
1491.699529 99.829
1513.367491 99.852
1535.350196 99.877
1557.652214 99.904
1580.278184 99.934
1603.232812 99.967
1626.520872 100.003
1650.147207 100.044
1674.116731 100.089
1698.434429 100.140
1723.105358 100.197
1748.134649 100.259
1773.527508 100.328
1799.289215 100.403
1825.425129 100.486
1851.940686 100.575
1878.841399 100.673
1906.132863 100.778
1933.820755 100.893
1961.910832 101.017
1990.408937 101.151
2019.320997 101.296
2048.653024 101.452
2078.411119 101.620
2108.601471 101.801
2139.230358 101.996
2170.304151 102.210
2201.829313 102.436
2233.812399 102.684
2266.260061 102.948
2299.179048 103.234
2332.576206 103.542
2366.458481 103.874
2400.832919 104.227
2435.706669 104.605
2471.086985 105.005
2506.981224 105.428
2543.396851 105.869
2580.341441 106.323
2617.822676 106.783
2655.848352 107.235
2694.426377 107.664
2733.564774 108.041
2773.271684 108.350
2813.555364 108.556
2854.424192 108.659
2895.886667 108.612
2937.951414 108.411
2980.627180 108.086
3023.922841 107.658
3067.847402 107.142
3112.409996 106.562
3157.619894 105.951
3203.486496 105.330
3250.019342 104.712
3297.228109 104.112
3345.122616 103.535
3393.712825 102.985
3443.008839 102.463
3493.020912 101.969
3543.759444 101.504
3595.234989 101.067
3647.458251 100.658
3700.440093 100.275
3754.191532 99.920
3808.723747 99.588
3864.048081 99.276
3920.176038 98.992
3977.119293 98.721
4034.889688 98.476
4093.499237 98.251
4152.960131 98.044
4213.284735 97.856
4274.485595 97.685
4336.575440 97.533
4399.567183 97.400
4463.473924 97.284
4528.308954 97.186
4594.085758 97.110
4660.818016 97.052
4728.519605 97.017
4797.204606 97.004
4866.887304 97.013
4937.582192 97.050
5009.303971 97.114
5082.067559 97.206
5155.888088 97.329
5230.780910 97.485
5306.761603 97.672
5383.845967 97.892
5462.050035 98.143
5541.390071 98.413
5621.882575 98.691
5703.544288 98.960
5786.392194 99.182
5870.443523 99.311
5955.715755 99.307
6042.226625 99.141
6129.994125 98.768
6219.036508 98.188
6309.372294 97.403
6401.020268 96.483
6493.999493 95.459
6588.329304 94.387
6684.029322 93.302
6781.119447 92.231
6879.619874 91.187
6979.551087 90.178
7080.933870 89.218
7183.789308 88.313
7288.138791 87.453
7394.004023 86.622
7501.407020 85.811
7610.370119 85.029
7720.915982 84.283
7833.067600 83.572
7946.848298 82.897
8062.281738 82.259
8179.391929 81.657
8298.203226 81.086
8418.740338 80.547
8541.028336 80.046
8665.092650 79.582
8790.959084 79.150
8918.653815 78.752
9048.203399 78.377
9179.634780 78.031
9312.975293 77.717
9448.252668 77.442
9585.495040 77.213
9724.730952 77.033
9865.989362 76.900
10009.299647 76.814
10154.691613 76.773
10302.195497 76.780
10451.841976 76.850
10603.662174 76.983
10757.687664 77.197
10913.950481 77.501
11072.483123 77.901
11233.318560 78.423
11396.490243 79.063
11562.032107 79.906
11729.978580 80.894
11900.364591 82.238
12073.225577 83.730
12248.597487 85.485
12426.516795 87.207
12607.020503 88.214
12790.146152 88.180
12975.931827 86.629
13164.416166 84.950
13355.638371 82.889
13549.638209 81.050
13746.456029 79.523
13946.132763 78.308
14148.709939 77.422
14354.229688 76.695
14562.734753 76.255
14774.268497 76.022
14988.874914 76.036
15206.598638 76.281
15427.484948 76.611
15651.579784 76.770
15878.929752 76.407
16109.582134 75.230
16343.584901 73.232
16580.986719 70.790
16821.836962 68.342
17066.185721 65.796
17314.083813 62.657
17565.582796 59.298
17820.734975 57.395
18079.593414 58.189
18342.211951 60.907
18608.645202 63.750
18878.948580 65.767
19153.178301 66.660
19431.391396 66.768
19713.645729 66.480
20000.000000 66.071
