* Measurement data measured by REW V5.31.3
* Source: Headset (2- USB-C to 3.5mm Headphone Jack Adapter), MICROPHONE (Master Volume), L, volume: 0.630
* Format: 64k Log Swept Sine, 1 sweep at -30.0 dBFS with no timing reference
* REW Settings:
*  C-weighting compensation: Off
*  Target level: 75.0 dB
* Note: ; 
* Measurement: 8
* Smoothing: 1/24 octave
* Frequency Step: 1/48 octave
* Start Frequency: 1.000 Hz
*
* Freq(Hz) SPL(dB)

20.000000 91.038
20.290514 91.148
20.585247 91.259
20.884262 91.368
21.187621 91.474
21.495385 91.577
21.807621 91.677
22.124391 91.775
22.445763 91.872
22.771804 91.968
23.102580 92.065
23.438160 92.163
23.778616 92.263
24.124017 92.364
24.474435 92.465
24.829943 92.566
25.190615 92.664
25.556526 92.760
25.927752 92.854
26.304370 92.949
26.686459 93.045
27.074098 93.141
27.467368 93.235
27.866351 93.329
28.271129 93.420
28.681786 93.509
29.098409 93.596
29.521083 93.682
29.949897 93.768
30.384940 93.855
30.826303 93.944
31.274076 94.035
31.728353 94.124
32.189229 94.213
32.656800 94.304
33.131163 94.397
33.612416 94.493
34.100659 94.587
34.595995 94.680
35.098525 94.773
35.608355 94.867
36.125591 94.960
36.650340 95.050
37.182712 95.139
37.722816 95.228
38.270766 95.318
38.826675 95.403
39.390660 95.485
39.962836 95.568
40.543324 95.652
41.132243 95.735
41.729717 95.819
42.335870 95.904
42.950828 95.990
43.574718 96.075
44.207671 96.158
44.849818 96.240
45.501292 96.321
46.162230 96.395
46.832768 96.467
47.513046 96.536
48.203206 96.602
48.903391 96.663
49.613746 96.721
50.334420 96.782
51.065562 96.847
51.807325 96.916
52.559862 96.984
53.323330 97.053
54.097888 97.120
54.883697 97.187
55.680920 97.249
56.489724 97.306
57.310276 97.361
58.142747 97.413
58.987311 97.464
59.844142 97.516
60.713419 97.569
61.595324 97.625
62.490038 97.683
63.397749 97.739
64.318645 97.793
65.252917 97.842
66.200761 97.885
67.162372 97.923
68.137952 97.960
69.127703 97.997
70.131830 98.039
71.150543 98.086
72.184054 98.136
73.232577 98.186
74.296331 98.229
75.375536 98.266
76.470417 98.298
77.581203 98.326
78.708123 98.356
79.851413 98.390
81.011310 98.428
82.188055 98.465
83.381893 98.498
84.593072 98.523
85.821845 98.543
87.068466 98.562
88.333195 98.584
89.616296 98.615
90.918034 98.650
92.238681 98.682
93.578512 98.707
94.937804 98.724
96.316841 98.737
97.715909 98.755
99.135300 98.782
100.575309 98.813
102.036234 98.841
103.518381 98.862
105.022056 98.877
106.547574 98.895
108.095251 98.921
109.665409 98.951
111.258374 98.978
112.874479 98.994
114.514058 99.006
116.177454 99.024
117.865011 99.048
119.577082 99.077
121.314021 99.101
123.076191 99.113
124.863957 99.123
126.677692 99.140
128.517773 99.162
130.384582 99.179
132.278507 99.192
134.199944 99.200
136.149290 99.218
138.126952 99.240
140.133341 99.253
142.168875 99.256
144.233975 99.264
146.329073 99.281
148.454604 99.298
150.611009 99.308
152.798738 99.313
155.018244 99.325
157.269991 99.340
159.554446 99.346
161.872084 99.351
164.223387 99.365
166.608845 99.380
169.028953 99.386
171.484215 99.391
173.975141 99.402
176.502250 99.413
179.066067 99.420
181.667125 99.429
184.305965 99.439
186.983136 99.444
189.699194 99.446
192.454706 99.456
195.250243 99.463
198.086387 99.463
200.963728 99.464
203.882864 99.467
206.844403 99.466
209.848961 99.465
212.897161 99.465
215.989639 99.458
219.127037 99.453
222.310008 99.450
225.539214 99.444
228.815326 99.437
232.139026 99.430
235.511005 99.421
238.931965 99.417
242.402616 99.409
245.923681 99.401
249.495892 99.397
253.119991 99.391
256.796733 99.387
260.526882 99.381
264.311215 99.377
268.150517 99.377
272.045588 99.373
275.997237 99.372
280.006287 99.372
284.073571 99.373
288.199935 99.372
292.386238 99.373
296.633349 99.375
300.942152 99.375
305.313544 99.376
309.748434 99.377
314.247743 99.378
318.812408 99.377
323.443377 99.376
328.141615 99.374
332.908098 99.370
337.743817 99.366
342.649778 99.361
347.627002 99.353
352.676523 99.345
357.799393 99.336
362.996675 99.326
368.269452 99.315
373.618819 99.303
379.045889 99.289
384.551792 99.275
390.137671 99.261
395.804689 99.245
401.554025 99.229
407.386873 99.212
413.304448 99.194
419.307980 99.176
425.398716 99.158
431.577926 99.138
437.846892 99.118
444.206919 99.097
450.659331 99.076
457.205468 99.054
463.846692 99.030
470.584384 99.007
477.419946 98.984
484.354799 98.960
491.390386 98.936
498.528170 98.912
505.769634 98.887
513.116286 98.862
520.569654 98.838
528.131286 98.814
535.802756 98.790
543.585660 98.766
551.481616 98.742
559.492266 98.717
567.619276 98.692
575.864337 98.667
584.229163 98.642
592.715493 98.615
601.325094 98.588
610.059754 98.559
618.921292 98.530
627.911550 98.499
637.032397 98.468
646.285731 98.436
655.673476 98.405
665.197585 98.373
674.860038 98.341
684.662844 98.310
694.608043 98.280
704.697703 98.251
714.933922 98.224
725.318829 98.200
735.854584 98.179
746.543379 98.159
757.387435 98.144
768.389009 98.131
779.550388 98.122
790.873894 98.116
802.361881 98.114
814.016740 98.115
825.840893 98.121
837.836800 98.131
850.006956 98.145
862.353892 98.163
874.880176 98.186
887.588413 98.215
900.481245 98.248
913.561355 98.288
926.831463 98.332
940.294327 98.382
953.952750 98.438
967.809570 98.501
981.867670 98.569
996.129973 98.643
1010.599447 98.724
1025.279099 98.811
1040.171984 98.903
1055.281198 98.999
1070.609883 99.099
1086.161229 99.202
1101.938468 99.308
1117.944883 99.416
1134.183801 99.524
1150.658602 99.632
1167.372710 99.738
1184.329602 99.842
1201.532804 99.943
1218.985895 100.041
1236.692504 100.132
1254.656314 100.220
1272.881060 100.301
1291.370534 100.374
1310.128579 100.444
1329.159099 100.507
1348.466049 100.564
1368.053447 100.616
1387.925364 100.661
1408.085935 100.701
1428.539353 100.738
1449.289870 100.770
1470.341803 100.799
1491.699529 100.825
1513.367491 100.850
1535.350196 100.873
1557.652214 100.896
1580.278184 100.919
1603.232812 100.943
1626.520872 100.968
1650.147207 100.996
1674.116731 101.026
1698.434429 101.061
1723.105358 101.099
1748.134649 101.143
1773.527508 101.192
1799.289215 101.248
1825.425129 101.311
1851.940686 101.383
1878.841399 101.463
1906.132863 101.553
1933.820755 101.654
1961.910832 101.766
1990.408937 101.891
2019.320997 102.028
2048.653024 102.179
2078.411119 102.344
2108.601471 102.524
2139.230358 102.719
2170.304151 102.934
2201.829313 103.162
2233.812399 103.411
2266.260061 103.677
2299.179048 103.964
2332.576206 104.273
2366.458481 104.604
2400.832919 104.955
2435.706669 105.331
2471.086985 105.728
2506.981224 106.147
2543.396851 106.583
2580.341441 107.032
2617.822676 107.487
2655.848352 107.934
2694.426377 108.359
2733.564774 108.732
2773.271684 109.039
2813.555364 109.244
2854.424192 109.346
2895.886667 109.300
2937.951414 109.101
2980.627180 108.778
3023.922841 108.353
3067.847402 107.840
3112.409996 107.264
3157.619894 106.655
3203.486496 106.036
3250.019342 105.421
3297.228109 104.823
3345.122616 104.247
3393.712825 103.698
3443.008839 103.175
3493.020912 102.682
3543.759444 102.216
3595.234989 101.779
3647.458251 101.370
3700.440093 100.988
3754.191532 100.633
3808.723747 100.303
3864.048081 99.993
3920.176038 99.712
3977.119293 99.444
4034.889688 99.203
4093.499237 98.981
4152.960131 98.778
4213.284735 98.594
4274.485595 98.426
4336.575440 98.277
4399.567183 98.147
4463.473924 98.033
4528.308954 97.937
4594.085758 97.861
4660.818016 97.803
4728.519605 97.767
4797.204606 97.752
4866.887304 97.758
4937.582192 97.791
5009.303971 97.851
5082.067559 97.936
5155.888088 98.054
5230.780910 98.203
5306.761603 98.383
5383.845967 98.595
5462.050035 98.837
5541.390071 99.099
5621.882575 99.368
5703.544288 99.629
5786.392194 99.843
5870.443523 99.964
5955.715755 99.953
6042.226625 99.781
6129.994125 99.403
6219.036508 98.821
6309.372294 98.034
6401.020268 97.115
6493.999493 96.093
6588.329304 95.025
6684.029322 93.946
6781.119447 92.883
6879.619874 91.848
6979.551087 90.849
7080.933870 89.901
7183.789308 89.009
7288.138791 88.160
7394.004023 87.342
7501.407020 86.543
7610.370119 85.771
7720.915982 85.035
7833.067600 84.333
7946.848298 83.665
8062.281738 83.032
8179.391929 82.433
8298.203226 81.864
8418.740338 81.326
8541.028336 80.823
8665.092650 80.357
8790.959084 79.922
8918.653815 79.520
9048.203399 79.141
9179.634780 78.791
9312.975293 78.474
9448.252668 78.196
9585.495040 77.965
9724.730952 77.784
9865.989362 77.651
10009.299647 77.566
10154.691613 77.527
10302.195497 77.537
10451.841976 77.610
10603.662174 77.747
10757.687664 77.966
10913.950481 78.274
11072.483123 78.679
11233.318560 79.205
11396.490243 79.847
11562.032107 80.694
11729.978580 81.685
11900.364591 83.030
12073.225577 84.524
12248.597487 86.280
12426.516795 88.002
12607.020503 89.008
12790.146152 88.974
12975.931827 87.423
13164.416166 85.742
13355.638371 83.680
13549.638209 81.839
13746.456029 80.310
13946.132763 79.091
14148.709939 78.201
14354.229688 77.470
14562.734753 77.027
14774.268497 76.789
14988.874914 76.798
15206.598638 77.039
15427.484948 77.364
15651.579784 77.519
15878.929752 77.153
16109.582134 75.973
16343.584901 73.973
16580.986719 71.528
16821.836962 69.079
17066.185721 66.531
17314.083813 63.391
17565.582796 60.030
17820.734975 58.126
18079.593414 58.918
18342.211951 61.634
18608.645202 64.474
18878.948580 66.488
19153.178301 67.378
19431.391396 67.481
19713.645729 67.189
20000.000000 66.775
