* Measurement data measured by REW V5.31.3
* Source: Headset (2- USB-C to 3.5mm Headphone Jack Adapter), MICROPHONE (Master Volume), L, volume: 0.800
* Format: 64k Log Swept Sine, 1 sweep at -35.0 dBFS with no timing reference
* Dated: 06/10/2025 3:17:11 PM
* REW Settings:
*  C-weighting compensation: Off
*  Target level: 75.0 dB
* Note: ; 
* Measurement: 1
* Smoothing: 1/24 octave
* Frequency Step: 1/48 octave
* Start Frequency: 20.300 Hz
*
* Freq(Hz) SPL(dB)
20.299999 84.446
20.600000 84.562
20.900000 84.679
21.200001 84.786
21.400000 84.855
21.799999 85.002
22.000000 85.081
22.400000 85.241
22.700001 85.348
23.000000 85.435
23.299999 85.504
23.600000 85.563
24.000000 85.648
24.299999 85.724
24.700001 85.838
25.000000 85.924
25.400000 86.026
25.799999 86.119
26.200001 86.215
26.500000 86.296
26.900000 86.413
27.200001 86.504
27.600000 86.623
28.000000 86.737
28.500000 86.880
29.000000 87.025
29.500000 87.158
30.000000 87.259
30.400000 87.319
30.700001 87.361
31.100000 87.426
31.500000 87.509
32.000000 87.621
32.500000 87.711
33.000000 87.775
33.500000 87.842
34.000000 87.930
34.500000 88.025
35.000000 88.106
35.500000 88.178
36.000000 88.262
36.500000 88.355
37.000000 88.439
37.500000 88.504
38.200001 88.596
38.700001 88.675
39.500000 88.783
40.000000 88.834
40.599998 88.902
41.200001 88.984
41.799999 89.056
42.500000 89.127
43.099998 89.201
43.700001 89.281
44.400002 89.354
45.000000 89.407
45.500000 89.461
46.200001 89.538
46.799999 89.581
47.500000 89.624
48.200001 89.696
48.700001 89.740
49.400002 89.748
50.000000 89.741
50.799999 89.817
51.500000 89.930
52.200001 90.007
53.000000 90.067
53.799999 90.142
54.500000 90.202
55.200001 90.250
56.000000 90.307
57.000000 90.365
58.000000 90.402
59.000000 90.452
60.000000 90.514
60.799999 90.565
61.500000 90.612
62.200001 90.655
63.000000 90.700
64.000000 90.759
65.000000 90.807
66.000000 90.841
67.000000 90.875
68.000000 90.914
69.000000 90.959
70.000000 91.002
71.000000 91.043
72.000000 91.083
73.000000 91.118
74.000000 91.155
75.000000 91.187
76.199997 91.224
77.500000 91.270
78.800003 91.312
80.000000 91.343
81.199997 91.373
82.500000 91.403
83.800003 91.434
85.000000 91.461
86.199997 91.486
87.500000 91.522
88.500000 91.551
90.000000 91.598
91.199997 91.630
92.500000 91.656
93.800003 91.671
95.000000 91.682
96.199997 91.702
97.500000 91.739
98.800003 91.776
100.000000 91.795
101.500000 91.815
103.000000 91.841
104.400002 91.860
106.000000 91.883
107.500000 91.909
109.000000 91.934
110.599998 91.952
112.000000 91.959
113.800003 91.971
115.000000 91.989
117.199997 92.028
118.000000 92.040
120.599998 92.072
122.000000 92.081
124.099998 92.093
125.000000 92.100
126.500000 92.117
128.000000 92.137
131.500000 92.168
132.000000 92.172
134.000000 92.194
136.000000 92.213
138.000000 92.228
140.000000 92.236
143.000000 92.253
145.000000 92.266
147.500000 92.282
150.000000 92.289
152.500000 92.311
155.000000 92.330
157.500000 92.338
160.000000 92.352
162.500000 92.375
165.000000 92.394
167.500000 92.398
170.000000 92.400
172.500000 92.415
175.000000 92.431
177.500000 92.442
180.000000 92.451
182.500000 92.454
185.000000 92.456
187.500000 92.464
190.000000 92.478
192.500000 92.489
195.000000 92.494
197.500000 92.500
200.000000 92.506
203.000000 92.514
206.000000 92.522
209.000000 92.530
212.000000 92.535
214.000000 92.538
218.000000 92.552
220.000000 92.558
224.000000 92.567
227.000000 92.568
230.000000 92.569
233.000000 92.574
236.000000 92.584
240.000000 92.590
243.000000 92.593
247.000000 92.592
250.000000 92.593
254.000000 92.613
258.000000 92.623
262.000000 92.626
265.000000 92.630
269.000000 92.632
272.000000 92.634
276.000000 92.637
280.000000 92.645
285.000000 92.651
290.000000 92.654
295.000000 92.659
300.000000 92.661
304.000000 92.665
307.000000 92.669
311.000000 92.672
315.000000 92.670
320.000000 92.675
325.000000 92.684
330.000000 92.690
335.000000 92.691
340.000000 92.692
345.000000 92.698
350.000000 92.702
355.000000 92.700
360.000000 92.699
365.000000 92.707
370.000000 92.711
375.000000 92.710
382.000000 92.712
387.000000 92.715
395.000000 92.720
400.000000 92.718
406.000000 92.720
412.000000 92.728
418.000000 92.731
425.000000 92.732
431.000000 92.734
437.000000 92.738
444.000000 92.739
450.000000 92.740
455.000000 92.744
462.000000 92.748
468.000000 92.749
475.000000 92.751
482.000000 92.755
487.000000 92.756
494.000000 92.757
500.000000 92.759
508.000000 92.766
515.000000 92.772
522.000000 92.774
530.000000 92.778
538.000000 92.784
545.000000 92.788
552.000000 92.793
560.000000 92.800
570.000000 92.806
580.000000 92.815
590.000000 92.823
600.000000 92.830
608.000000 92.840
615.000000 92.849
622.000000 92.857
630.000000 92.867
640.000000 92.881
650.000000 92.897
660.000000 92.914
670.000000 92.931
680.000000 92.950
690.000000 92.970
700.000000 92.994
710.000000 93.017
720.000000 93.041
730.000000 93.068
740.000000 93.099
750.000000 93.131
762.000000 93.173
775.000000 93.224
788.000000 93.280
800.000000 93.334
812.000000 93.391
825.000000 93.460
838.000000 93.533
850.000000 93.606
862.000000 93.688
875.000000 93.780
885.000000 93.855
900.000000 93.975
912.000000 94.076
925.000000 94.191
938.000000 94.309
950.000000 94.425
962.000000 94.548
975.000000 94.686
988.000000 94.828
1000.000000 94.964
1015.000000 95.140
1030.000000 95.318
1044.000000 95.486
1060.000000 95.683
1075.000000 95.866
1090.000000 96.051
1106.000000 96.246
1120.000000 96.414
1138.000000 96.627
1150.000000 96.767
1172.000000 97.017
1180.000000 97.105
1206.000000 97.381
1220.000000 97.524
1241.000000 97.729
1250.000000 97.813
1265.000000 97.949
1280.000000 98.081
1315.000000 98.365
1320.000000 98.404
1340.000000 98.554
1360.000000 98.697
1380.000000 98.834
1400.000000 98.966
1430.000000 99.160
1450.000000 99.284
1475.000000 99.437
1500.000000 99.589
1525.000000 99.740
1550.000000 99.888
1575.000000 100.035
1600.000000 100.188
1625.000000 100.344
1650.000000 100.502
1675.000000 100.665
1700.000000 100.833
1725.000000 101.006
1750.000000 101.184
1775.000000 101.368
1800.000000 101.560
1825.000000 101.756
1850.000000 101.961
1875.000000 102.172
1900.000000 102.390
1925.000000 102.617
1950.000000 102.851
1975.000000 103.093
2000.000000 103.347
2030.000000 103.665
2060.000000 103.995
2090.000000 104.338
2120.000000 104.696
2140.000000 104.943
2180.000000 105.457
2200.000000 105.725
2240.000000 106.280
2270.000000 106.710
2300.000000 107.150
2330.000000 107.600
2360.000000 108.054
2400.000000 108.658
2430.000000 109.101
2470.000000 109.654
2500.000000 110.029
2540.000000 110.455
2580.000000 110.769
2620.000000 110.945
2650.000000 110.978
2690.000000 110.892
2720.000000 110.733
2760.000000 110.417
2800.000000 110.007
2850.000000 109.404
2900.000000 108.749
2950.000000 108.075
3000.000000 107.414
3040.000000 106.908
3070.000000 106.544
3110.000000 106.081
3150.000000 105.645
3200.000000 105.138
3250.000000 104.673
3300.000000 104.248
3350.000000 103.861
3400.000000 103.506
3450.000000 103.183
3500.000000 102.891
3550.000000 102.625
3600.000000 102.384
3650.000000 102.168
3700.000000 101.973
3750.000000 101.798
3820.000000 101.586
3870.000000 101.455
3950.000000 101.277
4000.000000 101.183
4060.000000 101.087
4120.000000 101.010
4180.000000 100.950
4250.000000 100.897
4310.000000 100.868
4370.000000 100.852
4440.000000 100.849
4500.000000 100.862
4550.000000 100.884
4620.000000 100.927
4680.000000 100.977
4750.000000 101.054
4820.000000 101.150
4870.000000 101.231
4940.000000 101.359
5000.000000 101.486
5080.000000 101.680
5150.000000 101.873
5220.000000 102.087
5300.000000 102.358
5380.000000 102.656
5450.000000 102.936
5520.000000 103.227
5600.000000 103.566
5700.000000 103.979
5800.000000 104.340
5900.000000 104.584
6000.000000 104.636
6080.000000 104.505
6150.000000 104.257
6220.000000 103.889
6300.000000 103.335
6400.000000 102.488
6500.000000 101.528
6600.000000 100.511
6700.000000 99.484
6800.000000 98.475
6900.000000 97.500
7000.000000 96.585
7100.000000 95.739
7200.000000 94.944
7300.000000 94.186
7400.000000 93.465
7500.000000 92.785
7620.000000 92.020
7750.000000 91.248
7880.000000 90.537
8000.000000 89.933
8120.000000 89.372
8250.000000 88.808
8380.000000 88.288
8500.000000 87.839
8620.000000 87.419
8750.000000 87.000
8850.000000 86.712
9000.000000 86.345
9120.000000 86.096
9250.000000 85.857
9380.000000 85.653
9500.000000 85.494
9620.000000 85.358
9750.000000 85.243
9880.000000 85.172
10000.000000 85.142
10150.000000 85.141
10300.000000 85.157
10440.000000 85.206
10600.000000 85.347
10750.000000 85.584
10900.000000 85.921
11060.000000 86.383
11200.000000 86.876
11380.000000 87.651
11500.000000 88.272
11720.000000 89.665
11800.000000 90.268
12060.000000 92.643
12200.000000 94.128
12410.000000 96.224
12500.000000 96.874
12650.000000 97.351
12800.000000 96.949
13150.000000 93.665
13200.000000 93.108
13400.000000 91.002
13600.000000 89.232
13800.000000 87.824
14000.000000 86.735
14300.000000 85.588
14500.000000 85.115
14750.000000 84.824
15000.000000 84.867
15250.000000 85.216
15500.000000 85.760
15750.000000 86.169
16000.000000 85.932
16250.000000 84.670
16500.000000 82.453
16750.000000 79.659
17000.000000 76.639
17250.000000 73.536
17500.000000 70.284
17750.000000 66.667
18000.000000 62.792
18250.000000 60.461
18500.000000 62.280
18750.000000 66.547
19000.000000 70.690
19250.000000 73.700
19500.000000 75.282
19750.000000 75.534
20000.000000 75.188
