* Measurement data measured by REW V5.31.3
* Source: Headset (2- USB-C to 3.5mm Headphone Jack Adapter), MICROPHONE (Master Volume), L, volume: 0.800
* Format: 64k Log Swept Sine, 1 sweep at -35.0 dBFS with no timing reference
* Dated: 06/10/2025 3:19:23 PM
* REW Settings:
*  C-weighting compensation: Off
*  Target level: 75.0 dB
* Note: ; 
* Measurement: 3
* Smoothing: 1/24 octave
* Frequency Step: 1/48 octave
* Start Frequency: 20.300 Hz
*
* Freq(Hz) SPL(dB)
20.299999 83.483
20.600000 83.747
20.900000 84.008
21.200001 84.227
21.400000 84.351
21.799999 84.569
22.000000 84.669
22.400000 84.850
22.700001 84.960
23.000000 85.037
23.299999 85.080
23.600000 85.095
24.000000 85.096
24.299999 85.095
24.700001 85.097
25.000000 85.098
25.400000 85.096
25.799999 85.104
26.200001 85.148
26.500000 85.217
26.900000 85.355
27.200001 85.485
27.600000 85.671
28.000000 85.853
28.500000 86.068
29.000000 86.274
29.500000 86.477
30.000000 86.668
30.400000 86.804
30.700001 86.894
31.100000 87.000
31.500000 87.086
32.000000 87.163
32.500000 87.205
33.000000 87.236
33.500000 87.283
34.000000 87.354
34.500000 87.428
35.000000 87.492
35.500000 87.564
36.000000 87.667
36.500000 87.793
37.000000 87.910
37.500000 88.006
38.200001 88.133
38.700001 88.232
39.500000 88.366
40.000000 88.426
40.599998 88.498
41.200001 88.574
41.799999 88.640
42.500000 88.703
43.099998 88.768
43.700001 88.849
44.400002 88.945
45.000000 89.022
45.500000 89.087
46.200001 89.186
46.799999 89.269
47.500000 89.342
48.200001 89.406
48.700001 89.475
49.400002 89.605
50.000000 89.699
50.799999 89.744
51.500000 89.750
52.200001 89.781
53.000000 89.845
53.799999 89.910
54.500000 89.957
55.200001 89.996
56.000000 90.046
57.000000 90.117
58.000000 90.189
59.000000 90.264
60.000000 90.327
60.799999 90.380
61.500000 90.432
62.200001 90.479
63.000000 90.523
64.000000 90.574
65.000000 90.623
66.000000 90.669
67.000000 90.715
68.000000 90.753
69.000000 90.798
70.000000 90.858
71.000000 90.918
72.000000 90.967
73.000000 91.006
74.000000 91.041
75.000000 91.077
76.199997 91.117
77.500000 91.166
78.800003 91.223
80.000000 91.272
81.199997 91.311
82.500000 91.345
83.800003 91.378
85.000000 91.412
86.199997 91.442
87.500000 91.479
88.500000 91.513
90.000000 91.558
91.199997 91.589
92.500000 91.622
93.800003 91.653
95.000000 91.675
96.199997 91.698
97.500000 91.731
98.800003 91.762
100.000000 91.775
101.500000 91.798
103.000000 91.830
104.400002 91.853
106.000000 91.882
107.500000 91.908
109.000000 91.935
110.599998 91.958
112.000000 91.975
113.800003 91.995
115.000000 92.013
117.199997 92.054
118.000000 92.069
120.599998 92.105
122.000000 92.120
124.099998 92.140
125.000000 92.150
126.500000 92.167
128.000000 92.182
131.500000 92.211
132.000000 92.216
134.000000 92.243
136.000000 92.267
138.000000 92.281
140.000000 92.286
143.000000 92.308
145.000000 92.336
147.500000 92.369
150.000000 92.391
152.500000 92.397
155.000000 92.408
157.500000 92.420
160.000000 92.434
162.500000 92.455
165.000000 92.470
167.500000 92.478
170.000000 92.487
172.500000 92.500
175.000000 92.510
177.500000 92.521
180.000000 92.533
182.500000 92.543
185.000000 92.547
187.500000 92.558
190.000000 92.578
192.500000 92.591
195.000000 92.591
197.500000 92.592
200.000000 92.599
203.000000 92.615
206.000000 92.627
209.000000 92.637
212.000000 92.638
214.000000 92.640
218.000000 92.658
220.000000 92.667
224.000000 92.678
227.000000 92.682
230.000000 92.688
233.000000 92.695
236.000000 92.704
240.000000 92.712
243.000000 92.717
247.000000 92.735
250.000000 92.749
254.000000 92.747
258.000000 92.741
262.000000 92.746
265.000000 92.751
269.000000 92.755
272.000000 92.761
276.000000 92.769
280.000000 92.775
285.000000 92.775
290.000000 92.781
295.000000 92.787
300.000000 92.790
304.000000 92.793
307.000000 92.797
311.000000 92.803
315.000000 92.807
320.000000 92.813
325.000000 92.815
330.000000 92.816
335.000000 92.821
340.000000 92.825
345.000000 92.822
350.000000 92.822
355.000000 92.831
360.000000 92.837
365.000000 92.845
370.000000 92.848
375.000000 92.849
382.000000 92.854
387.000000 92.856
395.000000 92.853
400.000000 92.852
406.000000 92.857
412.000000 92.867
418.000000 92.872
425.000000 92.873
431.000000 92.874
437.000000 92.877
444.000000 92.881
450.000000 92.884
455.000000 92.887
462.000000 92.890
468.000000 92.895
475.000000 92.898
482.000000 92.901
487.000000 92.901
494.000000 92.902
500.000000 92.903
508.000000 92.912
515.000000 92.919
522.000000 92.924
530.000000 92.927
538.000000 92.933
545.000000 92.939
552.000000 92.944
560.000000 92.947
570.000000 92.950
580.000000 92.962
590.000000 92.973
600.000000 92.981
608.000000 92.989
615.000000 92.997
622.000000 93.006
630.000000 93.016
640.000000 93.031
650.000000 93.050
660.000000 93.065
670.000000 93.082
680.000000 93.101
690.000000 93.121
700.000000 93.144
710.000000 93.169
720.000000 93.194
730.000000 93.219
740.000000 93.249
750.000000 93.283
762.000000 93.325
775.000000 93.373
788.000000 93.430
800.000000 93.485
812.000000 93.543
825.000000 93.611
838.000000 93.686
850.000000 93.760
862.000000 93.837
875.000000 93.926
885.000000 94.002
900.000000 94.124
912.000000 94.226
925.000000 94.341
938.000000 94.463
950.000000 94.580
962.000000 94.702
975.000000 94.839
988.000000 94.980
1000.000000 95.114
1015.000000 95.287
1030.000000 95.467
1044.000000 95.636
1060.000000 95.830
1075.000000 96.012
1090.000000 96.198
1106.000000 96.394
1120.000000 96.562
1138.000000 96.775
1150.000000 96.915
1172.000000 97.162
1180.000000 97.250
1206.000000 97.526
1220.000000 97.668
1241.000000 97.874
1250.000000 97.959
1265.000000 98.093
1280.000000 98.224
1315.000000 98.509
1320.000000 98.547
1340.000000 98.696
1360.000000 98.839
1380.000000 98.976
1400.000000 99.108
1430.000000 99.299
1450.000000 99.424
1475.000000 99.577
1500.000000 99.728
1525.000000 99.876
1550.000000 100.022
1575.000000 100.172
1600.000000 100.323
1625.000000 100.479
1650.000000 100.636
1675.000000 100.797
1700.000000 100.964
1725.000000 101.137
1750.000000 101.314
1775.000000 101.496
1800.000000 101.687
1825.000000 101.883
1850.000000 102.084
1875.000000 102.293
1900.000000 102.509
1925.000000 102.734
1950.000000 102.968
1975.000000 103.211
2000.000000 103.463
2030.000000 103.779
2060.000000 104.105
2090.000000 104.444
2120.000000 104.799
2140.000000 105.043
2180.000000 105.552
2200.000000 105.817
2240.000000 106.363
2270.000000 106.787
2300.000000 107.220
2330.000000 107.660
2360.000000 108.104
2400.000000 108.693
2430.000000 109.126
2470.000000 109.666
2500.000000 110.029
2540.000000 110.439
2580.000000 110.737
2620.000000 110.902
2650.000000 110.932
2690.000000 110.843
2720.000000 110.688
2760.000000 110.379
2800.000000 109.980
2850.000000 109.389
2900.000000 108.744
2950.000000 108.083
3000.000000 107.432
3040.000000 106.933
3070.000000 106.572
3110.000000 106.114
3150.000000 105.683
3200.000000 105.179
3250.000000 104.714
3300.000000 104.288
3350.000000 103.898
3400.000000 103.541
3450.000000 103.217
3500.000000 102.923
3550.000000 102.656
3600.000000 102.414
3650.000000 102.197
3700.000000 102.001
3750.000000 101.825
3820.000000 101.609
3870.000000 101.476
3950.000000 101.293
4000.000000 101.197
4060.000000 101.098
4120.000000 101.018
4180.000000 100.954
4250.000000 100.899
4310.000000 100.867
4370.000000 100.848
4440.000000 100.841
4500.000000 100.849
4550.000000 100.864
4620.000000 100.898
4680.000000 100.942
4750.000000 101.010
4820.000000 101.097
4870.000000 101.170
4940.000000 101.289
5000.000000 101.407
5080.000000 101.585
5150.000000 101.762
5220.000000 101.964
5300.000000 102.217
5380.000000 102.492
5450.000000 102.746
5520.000000 103.012
5600.000000 103.319
5700.000000 103.688
5800.000000 104.001
5900.000000 104.200
6000.000000 104.228
6080.000000 104.093
6150.000000 103.850
6220.000000 103.493
6300.000000 102.958
6400.000000 102.138
6500.000000 101.205
6600.000000 100.215
6700.000000 99.211
6800.000000 98.221
6900.000000 97.258
7000.000000 96.337
7100.000000 95.514
7200.000000 94.802
7300.000000 94.120
7400.000000 93.472
7500.000000 92.837
7620.000000 92.079
7750.000000 91.295
7880.000000 90.561
8000.000000 89.921
8120.000000 89.319
8250.000000 88.713
8380.000000 88.164
8500.000000 87.710
8620.000000 87.303
8750.000000 86.914
8850.000000 86.644
9000.000000 86.275
9120.000000 86.007
9250.000000 85.747
9380.000000 85.527
9500.000000 85.358
9620.000000 85.217
9750.000000 85.091
9880.000000 84.995
10000.000000 84.938
10150.000000 84.910
10300.000000 84.939
10440.000000 85.034
10600.000000 85.225
10750.000000 85.484
10900.000000 85.824
11060.000000 86.284
11200.000000 86.774
11380.000000 87.537
11500.000000 88.147
11720.000000 89.528
11800.000000 90.130
12060.000000 92.492
12200.000000 93.964
12410.000000 96.040
12500.000000 96.684
12650.000000 97.157
12800.000000 96.756
13150.000000 93.477
13200.000000 92.919
13400.000000 90.807
13600.000000 89.033
13800.000000 87.623
14000.000000 86.534
14300.000000 85.388
14500.000000 84.907
14750.000000 84.602
15000.000000 84.631
15250.000000 84.950
15500.000000 85.382
15750.000000 85.531
16000.000000 84.870
16250.000000 83.100
16500.000000 80.371
16750.000000 77.058
17000.000000 73.392
17250.000000 69.275
17500.000000 64.330
17750.000000 60.229
18000.000000 63.488
18250.000000 68.675
18500.000000 72.976
18750.000000 76.337
19000.000000 78.571
19250.000000 79.464
19500.000000 79.094
19750.000000 77.916
20000.000000 76.862
