* Measurement data measured by REW V5.31.3
* Source: Headset (2- USB-C to 3.5mm Headphone Jack Adapter), MICROPHONE (Master Volume), L, volume: 0.800
* Format: 64k Log Swept Sine, 1 sweep at -38.0 dBFS with no timing reference
* Dated: 06/10/2025 3:21:37 PM
* REW Settings:
*  C-weighting compensation: Off
*  Target level: 75.0 dB
* Note: ; 
* Measurement: 6
* Smoothing: 1/24 octave
* Frequency Step: 1/48 octave
* Start Frequency: 20.300 Hz
*
* Freq(Hz) SPL(dB)
20.299999 80.882
20.600000 81.221
20.900000 81.584
21.200001 81.899
21.400000 82.073
21.799999 82.353
22.000000 82.472
22.400000 82.680
22.700001 82.800
23.000000 82.876
23.299999 82.903
23.600000 82.895
24.000000 82.868
24.299999 82.855
24.700001 82.844
25.000000 82.827
25.400000 82.782
25.799999 82.739
26.200001 82.745
26.500000 82.795
26.900000 82.907
27.200001 83.006
27.600000 83.139
28.000000 83.280
28.500000 83.489
29.000000 83.735
29.500000 83.979
30.000000 84.187
30.400000 84.323
30.700001 84.410
31.100000 84.507
31.500000 84.586
32.000000 84.668
32.500000 84.737
33.000000 84.793
33.500000 84.840
34.000000 84.878
34.500000 84.910
35.000000 84.942
35.500000 84.991
36.000000 85.072
36.500000 85.178
37.000000 85.285
37.500000 85.382
38.200001 85.524
38.700001 85.631
39.500000 85.759
40.000000 85.815
40.599998 85.890
41.200001 85.972
41.799999 86.034
42.500000 86.095
43.099998 86.168
43.700001 86.244
44.400002 86.304
45.000000 86.347
45.500000 86.395
46.200001 86.464
46.799999 86.510
47.500000 86.570
48.200001 86.627
48.700001 86.631
49.400002 86.598
50.000000 86.620
50.799999 86.782
51.500000 86.931
52.200001 87.018
53.000000 87.090
53.799999 87.166
54.500000 87.228
55.200001 87.284
56.000000 87.333
57.000000 87.380
58.000000 87.444
59.000000 87.498
60.000000 87.552
60.799999 87.610
61.500000 87.660
62.200001 87.705
63.000000 87.759
64.000000 87.822
65.000000 87.859
66.000000 87.886
67.000000 87.916
68.000000 87.958
69.000000 88.012
70.000000 88.059
71.000000 88.109
72.000000 88.165
73.000000 88.213
74.000000 88.250
75.000000 88.272
76.199997 88.298
77.500000 88.336
78.800003 88.376
80.000000 88.425
81.199997 88.470
82.500000 88.519
83.800003 88.561
85.000000 88.588
86.199997 88.609
87.500000 88.633
88.500000 88.657
90.000000 88.693
91.199997 88.724
92.500000 88.751
93.800003 88.773
95.000000 88.793
96.199997 88.818
97.500000 88.844
98.800003 88.856
100.000000 88.868
101.500000 88.907
103.000000 88.941
104.400002 88.969
106.000000 89.002
107.500000 89.030
109.000000 89.060
110.599998 89.085
112.000000 89.096
113.800003 89.108
115.000000 89.125
117.199997 89.170
118.000000 89.186
120.599998 89.213
122.000000 89.218
124.099998 89.235
125.000000 89.246
126.500000 89.264
128.000000 89.282
131.500000 89.307
132.000000 89.311
134.000000 89.335
136.000000 89.360
138.000000 89.377
140.000000 89.386
143.000000 89.414
145.000000 89.436
147.500000 89.447
150.000000 89.447
152.500000 89.461
155.000000 89.485
157.500000 89.506
160.000000 89.523
162.500000 89.536
165.000000 89.548
167.500000 89.557
170.000000 89.560
172.500000 89.569
175.000000 89.581
177.500000 89.592
180.000000 89.608
182.500000 89.623
185.000000 89.631
187.500000 89.635
190.000000 89.645
192.500000 89.656
195.000000 89.663
197.500000 89.675
200.000000 89.686
203.000000 89.682
206.000000 89.684
209.000000 89.700
212.000000 89.709
214.000000 89.712
218.000000 89.720
220.000000 89.724
224.000000 89.732
227.000000 89.740
230.000000 89.746
233.000000 89.750
236.000000 89.759
240.000000 89.768
243.000000 89.775
247.000000 89.795
250.000000 89.804
254.000000 89.797
258.000000 89.794
262.000000 89.800
265.000000 89.805
269.000000 89.806
272.000000 89.807
276.000000 89.813
280.000000 89.824
285.000000 89.830
290.000000 89.826
295.000000 89.826
300.000000 89.831
304.000000 89.835
307.000000 89.837
311.000000 89.841
315.000000 89.846
320.000000 89.848
325.000000 89.849
330.000000 89.856
335.000000 89.859
340.000000 89.861
345.000000 89.860
350.000000 89.860
355.000000 89.872
360.000000 89.875
365.000000 89.874
370.000000 89.876
375.000000 89.878
382.000000 89.885
387.000000 89.886
395.000000 89.884
400.000000 89.883
406.000000 89.888
412.000000 89.891
418.000000 89.893
425.000000 89.895
431.000000 89.898
437.000000 89.902
444.000000 89.903
450.000000 89.904
455.000000 89.906
462.000000 89.910
468.000000 89.916
475.000000 89.918
482.000000 89.916
487.000000 89.915
494.000000 89.917
500.000000 89.923
508.000000 89.934
515.000000 89.937
522.000000 89.938
530.000000 89.940
538.000000 89.944
545.000000 89.944
552.000000 89.946
560.000000 89.953
570.000000 89.962
580.000000 89.970
590.000000 89.982
600.000000 89.995
608.000000 90.004
615.000000 90.011
622.000000 90.017
630.000000 90.026
640.000000 90.040
650.000000 90.057
660.000000 90.074
670.000000 90.089
680.000000 90.106
690.000000 90.125
700.000000 90.144
710.000000 90.169
720.000000 90.194
730.000000 90.221
740.000000 90.251
750.000000 90.285
762.000000 90.323
775.000000 90.367
788.000000 90.424
800.000000 90.480
812.000000 90.539
825.000000 90.608
838.000000 90.678
850.000000 90.748
862.000000 90.828
875.000000 90.920
885.000000 90.995
900.000000 91.117
912.000000 91.216
925.000000 91.331
938.000000 91.452
950.000000 91.569
962.000000 91.690
975.000000 91.827
988.000000 91.969
1000.000000 92.100
1015.000000 92.270
1030.000000 92.447
1044.000000 92.612
1060.000000 92.806
1075.000000 92.990
1090.000000 93.174
1106.000000 93.370
1120.000000 93.539
1138.000000 93.749
1150.000000 93.886
1172.000000 94.132
1180.000000 94.220
1206.000000 94.495
1220.000000 94.638
1241.000000 94.843
1250.000000 94.926
1265.000000 95.059
1280.000000 95.188
1315.000000 95.465
1320.000000 95.503
1340.000000 95.653
1360.000000 95.794
1380.000000 95.929
1400.000000 96.061
1430.000000 96.252
1450.000000 96.372
1475.000000 96.520
1500.000000 96.667
1525.000000 96.816
1550.000000 96.964
1575.000000 97.111
1600.000000 97.257
1625.000000 97.407
1650.000000 97.562
1675.000000 97.719
1700.000000 97.880
1725.000000 98.046
1750.000000 98.218
1775.000000 98.395
1800.000000 98.581
1825.000000 98.772
1850.000000 98.969
1875.000000 99.172
1900.000000 99.380
1925.000000 99.596
1950.000000 99.821
1975.000000 100.054
2000.000000 100.297
2030.000000 100.601
2060.000000 100.915
2090.000000 101.239
2120.000000 101.578
2140.000000 101.812
2180.000000 102.294
2200.000000 102.543
2240.000000 103.059
2270.000000 103.461
2300.000000 103.872
2330.000000 104.285
2360.000000 104.700
2400.000000 105.249
2430.000000 105.652
2470.000000 106.159
2500.000000 106.500
2540.000000 106.893
2580.000000 107.193
2620.000000 107.378
2650.000000 107.436
2690.000000 107.399
2720.000000 107.290
2760.000000 107.047
2800.000000 106.713
2850.000000 106.202
2900.000000 105.627
2950.000000 105.021
3000.000000 104.415
3040.000000 103.943
3070.000000 103.600
3110.000000 103.159
3150.000000 102.741
3200.000000 102.249
3250.000000 101.791
3300.000000 101.371
3350.000000 100.985
3400.000000 100.629
3450.000000 100.306
3500.000000 100.012
3550.000000 99.747
3600.000000 99.507
3650.000000 99.290
3700.000000 99.095
3750.000000 98.918
3820.000000 98.700
3870.000000 98.567
3950.000000 98.386
4000.000000 98.289
4060.000000 98.189
4120.000000 98.107
4180.000000 98.042
4250.000000 97.986
4310.000000 97.952
4370.000000 97.931
4440.000000 97.919
4500.000000 97.924
4550.000000 97.937
4620.000000 97.967
4680.000000 98.007
4750.000000 98.069
4820.000000 98.149
4870.000000 98.218
4940.000000 98.333
5000.000000 98.447
5080.000000 98.620
5150.000000 98.791
5220.000000 98.984
5300.000000 99.232
5380.000000 99.506
5450.000000 99.766
5520.000000 100.041
5600.000000 100.360
5700.000000 100.754
5800.000000 101.109
5900.000000 101.370
6000.000000 101.471
6080.000000 101.406
6150.000000 101.224
6220.000000 100.923
6300.000000 100.443
6400.000000 99.681
6500.000000 98.797
6600.000000 97.837
6700.000000 96.844
6800.000000 95.850
6900.000000 94.874
7000.000000 93.945
7100.000000 93.090
7200.000000 92.298
7300.000000 91.552
7400.000000 90.852
7500.000000 90.185
7620.000000 89.410
7750.000000 88.624
7880.000000 87.906
8000.000000 87.292
8120.000000 86.721
8250.000000 86.148
8380.000000 85.620
8500.000000 85.167
8620.000000 84.742
8750.000000 84.317
8850.000000 84.024
9000.000000 83.635
9120.000000 83.362
9250.000000 83.102
9380.000000 82.867
9500.000000 82.672
9620.000000 82.503
9750.000000 82.366
9880.000000 82.285
10000.000000 82.249
10150.000000 82.261
10300.000000 82.325
10440.000000 82.437
10600.000000 82.626
10750.000000 82.865
10900.000000 83.175
11060.000000 83.602
11200.000000 84.074
11380.000000 84.825
11500.000000 85.428
11720.000000 86.805
11800.000000 87.407
12060.000000 89.761
12200.000000 91.226
12410.000000 93.295
12500.000000 93.937
12650.000000 94.409
12800.000000 94.011
13150.000000 90.726
13200.000000 90.166
13400.000000 88.040
13600.000000 86.240
13800.000000 84.801
14000.000000 83.675
14300.000000 82.486
14500.000000 81.941
14750.000000 81.536
15000.000000 81.461
15250.000000 81.680
15500.000000 82.125
15750.000000 82.538
16000.000000 82.458
16250.000000 81.465
16500.000000 79.489
16750.000000 76.818
17000.000000 73.811
17250.000000 70.664
17500.000000 67.319
17750.000000 63.545
18000.000000 59.302
18250.000000 58.620
18500.000000 63.504
18750.000000 67.966
19000.000000 71.208
19250.000000 73.173
19500.000000 73.790
19750.000000 73.262
20000.000000 72.458
